Run	Edep	CerCount
  1	0.000000e+00	202
  2	1.032934e+00	287
  3	8.665450e-06	239
  4	0.000000e+00	189
  5	4.215416e-06	 86
  6	0.000000e+00	198
  7	2.775763e-01	237
  8	4.690923e-06	271
  9	0.000000e+00	221
 10	2.086570e-06	248
 11	0.000000e+00	177
 12	0.000000e+00	191
 13	4.856388e-01	225
 14	1.335969e+00	252
 15	8.757795e-01	180
 16	0.000000e+00	258
 17	1.260669e+00	225
 18	0.000000e+00	182
 19	1.246315e+00	232
 20	0.000000e+00	228
 21	4.394631e-06	262
 22	5.938488e-06	222
 23	0.000000e+00	194
 24	0.000000e+00	  0
 25	0.000000e+00	269
 26	8.870698e-01	213
 27	8.233126e-06	243
 28	0.000000e+00	199
 29	0.000000e+00	  0
 30	0.000000e+00	284
