0.238383 -0.374653 0.895996
particle	4.997912e+00	-8.181571e-01	-2.075000e+01	1.343962e+00	6.762492e+00	7.480372e-01	-2.000000e+01	1.343529e+00	1
particle	6.762492e+00	7.480372e-01	-2.000000e+01	1.343529e+00	6.889649e+00	9.018142e-01	-1.997426e+01	1.289315e+00	1
opticalphoton	3.114152e+00	6.930222e+00	2.000000e+01	2.730071e+00	-9.749766e+00	1.038445e+00	4.000000e+01	2.730071e+00	11
opticalphoton	-1.909945e+01	-2.337184e+00	2.000000e+01	4.748686e+00	7.855051e+00	-3.070925e+00	4.000000e+01	4.748686e+00	9
opticalphoton	7.855051e+00	-3.070925e+00	4.000000e+01	4.748686e+00	7.855051e+00	-3.070925e+00	4.000000e+01	4.748686e+00	9
particle	6.889649e+00	9.018142e-01	-1.997426e+01	1.289315e+00	6.939806e+00	1.028179e+00	-1.988967e+01	1.238864e+00	1
opticalphoton	1.262702e+01	2.336102e+00	2.000000e+01	3.037494e+00	2.629274e+00	8.082096e-01	4.000000e+01	3.037494e+00	38
opticalphoton	-6.703836e+00	1.248623e+01	2.000000e+01	5.327458e+00	-5.962322e+00	-1.931310e+00	4.000000e+01	5.327458e+00	34
particle	6.939806e+00	1.028179e+00	-1.988967e+01	1.238864e+00	6.950934e+00	1.164839e+00	-1.980735e+01	1.150389e+00	1
particle	6.950934e+00	1.164839e+00	-1.980735e+01	1.150389e+00	6.981399e+00	1.306748e+00	-1.979132e+01	9.338174e-01	1
particle	6.981399e+00	1.306748e+00	-1.979132e+01	9.338174e-01	6.968550e+00	1.431469e+00	-1.979971e+01	9.031856e-01	1
particle	6.968550e+00	1.431469e+00	-1.979971e+01	9.031856e-01	7.000007e+00	1.545812e+00	-1.980755e+01	8.743898e-01	1
particle	7.000007e+00	1.545812e+00	-1.980755e+01	8.743898e-01	7.040498e+00	1.646717e+00	-1.980154e+01	8.463806e-01	1
particle	7.040498e+00	1.646717e+00	-1.980154e+01	8.463806e-01	7.084583e+00	1.746906e+00	-1.982184e+01	8.214973e-01	1
particle	7.084583e+00	1.746906e+00	-1.982184e+01	8.214973e-01	7.120572e+00	1.827965e+00	-1.985245e+01	8.004457e-01	1
opticalphoton	2.618066e+00	1.445753e+01	2.000000e+01	4.735543e+00	-4.680537e+00	5.597978e+00	4.000000e+01	4.735543e+00	117
opticalphoton	9.687493e+00	9.867137e+00	2.000000e+01	4.881883e+00	6.828776e-01	5.423293e+00	4.000000e+01	4.881883e+00	115
particle	7.120572e+00	1.827965e+00	-1.985245e+01	8.004457e-01	7.138822e+00	1.903609e+00	-1.988890e+01	7.563440e-01	1
particle	7.138822e+00	1.903609e+00	-1.988890e+01	7.563440e-01	7.151341e+00	1.975750e+00	-1.991263e+01	7.332762e-01	1
particle	7.151341e+00	1.975750e+00	-1.991263e+01	7.332762e-01	7.173287e+00	2.032172e+00	-1.989627e+01	7.207881e-01	1
particle	7.173287e+00	2.032172e+00	-1.989627e+01	7.207881e-01	7.195176e+00	2.089175e+00	-1.986109e+01	6.959755e-01	1
opticalphoton	-3.867970e+00	1.543364e+01	2.000000e+01	5.149679e+00	-6.691744e+00	3.290784e+00	4.000000e+01	5.149679e+00	133
opticalphoton	-5.006875e+00	1.193536e+01	2.000000e+01	4.768413e+00	-7.756459e+00	-2.100169e+00	4.000000e+01	4.768413e+00	132
opticalphoton	-7.756459e+00	-2.100169e+00	4.000000e+01	4.768413e+00	-7.756459e+00	-2.100169e+00	4.000000e+01	4.768413e+00	132
particle	7.195176e+00	2.089175e+00	-1.986109e+01	6.959755e-01	7.217126e+00	2.150000e+00	-1.980780e+01	6.745383e-01	1
opticalphoton	1.019860e+01	1.073692e+00	2.000000e+01	5.407495e+00	-7.122671e-01	-1.565379e+00	4.000000e+01	5.407495e+00	140
particle	7.217126e+00	2.150000e+00	-1.980780e+01	6.745383e-01	7.231734e+00	2.218954e+00	-1.973665e+01	6.514982e-01	1
opticalphoton	-1.224296e+01	1.251986e+01	2.000000e+01	3.862650e+00	-6.445900e+00	3.485991e-01	4.000000e+01	3.862650e+00	143
opticalphoton	-6.445900e+00	3.485991e-01	4.000000e+01	3.862650e+00	-6.445900e+00	3.485991e-01	4.000000e+01	3.862650e+00	143
opticalphoton	3.718888e+00	1.311604e+01	2.000000e+01	3.862650e+00	-5.019384e+00	2.850169e+00	4.000000e+01	3.862650e+00	143
particle	7.231734e+00	2.218954e+00	-1.973665e+01	6.514982e-01	7.357845e+00	2.279530e+00	-1.962443e+01	5.935570e-01	1
opticalphoton	6.086497e+00	-6.086723e+00	2.000000e+01	4.455484e+00	-7.708900e+00	-5.940945e+00	4.000000e+01	4.455484e+00	159
opticalphoton	-7.708900e+00	-5.940945e+00	4.000000e+01	4.455484e+00	-7.708900e+00	-5.940945e+00	4.000000e+01	4.455484e+00	159
particle	7.357845e+00	2.279530e+00	-1.962443e+01	5.935570e-01	7.534961e+00	2.295451e+00	-1.948815e+01	4.864711e-01	1
opticalphoton	8.251857e+00	-8.732384e+00	2.000000e+01	2.323722e+00	-4.185773e+00	-6.729679e+00	4.000000e+01	2.323722e+00	168
particle	7.534961e+00	2.295451e+00	-1.948815e+01	4.864711e-01	7.597430e+00	2.369374e+00	-1.926719e+01	3.944252e-01	1
opticalphoton	9.250691e+00	-7.381038e+00	2.000000e+01	5.357473e+00	-2.913133e+00	-6.710660e+00	4.000000e+01	5.357473e+00	182
opticalphoton	-6.761973e+00	1.084410e+01	2.000000e+01	2.660885e+00	-7.590257e+00	-4.314910e+00	4.000000e+01	2.660885e+00	179
particle	7.597430e+00	2.369374e+00	-1.926719e+01	3.944252e-01	7.640193e+00	2.457968e+00	-1.906947e+01	2.773407e-01	1
opticalphoton	5.326809e+00	-3.056617e+00	2.000000e+01	4.127426e+00	4.152753e+00	-5.857796e+00	4.000000e+01	4.127426e+00	195
opticalphoton	1.540131e+01	-3.691835e+00	2.000000e+01	5.555725e+00	6.401148e+00	-4.715082e+00	4.000000e+01	5.555725e+00	192
particle	7.640193e+00	2.457968e+00	-1.906947e+01	2.773407e-01	7.552311e+00	2.362192e+00	-1.906861e+01	1.911060e-01	1
particle	7.552311e+00	2.362192e+00	-1.906861e+01	1.911060e-01	7.522489e+00	2.375413e+00	-1.909965e+01	1.672971e-01	1
particle	7.522489e+00	2.375413e+00	-1.909965e+01	1.672971e-01	7.516519e+00	2.373285e+00	-1.910815e+01	1.598733e-01	1
particle	7.516519e+00	2.373285e+00	-1.910815e+01	1.598733e-01	7.485813e+00	2.379308e+00	-1.916733e+01	0.000000e+00	1
particle	7.485813e+00	2.379308e+00	-1.916733e+01	0.000000e+00	7.485813e+00	2.379308e+00	-1.916733e+01	0.000000e+00	1

particle	5.130113e-01	1.826030e+00	-2.075000e+01	1.338617e+00	3.626803e-01	1.717745e+00	-2.000000e+01	1.338303e+00	1
particle	3.626803e-01	1.717745e+00	-2.000000e+01	1.338303e+00	3.438089e-01	1.666633e+00	-1.981349e+01	1.291813e+00	1
opticalphoton	-5.430796e+00	5.049351e+00	2.000000e+01	5.746424e+00	3.917633e+00	-7.795567e+00	4.000000e+01	5.746424e+00	22
opticalphoton	-5.113429e+00	8.746368e+00	2.000000e+01	3.147106e+00	6.707822e-01	-4.379455e+00	4.000000e+01	3.147106e+00	20
opticalphoton	-4.221056e+00	1.040543e+01	2.000000e+01	5.155510e+00	-2.141184e-01	-2.675462e+00	4.000000e+01	5.155510e+00	16
opticalphoton	1.017450e+01	4.532970e+00	2.000000e+01	4.308332e+00	-1.765107e+00	-2.724860e+00	4.000000e+01	4.308332e+00	13
opticalphoton	7.523476e+00	1.170448e+01	2.000000e+01	3.355488e+00	1.394336e+00	1.109393e+00	4.000000e+01	3.355488e+00	11
opticalphoton	9.742360e+00	8.521480e+00	2.000000e+01	4.194861e+00	8.171345e-01	-7.152979e-01	4.000000e+01	4.194861e+00	10
opticalphoton	9.896944e+00	8.480242e+00	2.000000e+01	5.193324e+00	8.441699e-01	-6.760184e-01	4.000000e+01	5.193324e+00	8
opticalphoton	1.003050e+01	7.870408e+00	2.000000e+01	5.504397e+00	5.550296e-01	-1.045722e+00	4.000000e+01	5.504397e+00	3
particle	3.438089e-01	1.666633e+00	-1.981349e+01	1.291813e+00	2.942805e-01	1.668025e+00	-1.961981e+01	1.209174e+00	1
opticalphoton	3.446886e+00	5.350969e+00	2.000000e+01	5.426539e+00	-4.037781e+00	-8.900838e+00	4.000000e+01	5.426539e+00	50
opticalphoton	-4.037781e+00	-8.900838e+00	4.000000e+01	5.426539e+00	-4.037781e+00	-8.900838e+00	4.000000e+01	5.426539e+00	50
opticalphoton	4.721825e+00	6.099612e+00	2.000000e+01	4.243584e+00	-3.545599e+00	-7.032302e+00	4.000000e+01	4.243584e+00	48
opticalphoton	1.016289e+01	5.911485e+00	2.000000e+01	3.624582e+00	-8.422697e-01	-2.262554e+00	4.000000e+01	3.624582e+00	44
opticalphoton	2.414420e+00	-7.216020e+00	2.000000e+01	5.927096e+00	-4.841534e+00	8.165027e+00	4.000000e+01	5.927096e+00	41
opticalphoton	-4.841534e+00	8.165027e+00	4.000000e+01	5.927096e+00	-4.841534e+00	8.165027e+00	4.000000e+01	5.927096e+00	41
opticalphoton	1.335659e+01	-4.089890e+00	2.000000e+01	4.846107e+00	3.524892e-01	-1.768486e+00	4.000000e+01	4.846107e+00	40
opticalphoton	1.383880e+01	1.075365e+00	2.000000e+01	3.708489e+00	1.133880e+00	-1.463028e+00	4.000000e+01	3.708489e+00	38
opticalphoton	4.112737e+00	-8.284072e+00	2.000000e+01	3.357604e+00	-4.650868e+00	5.329170e+00	4.000000e+01	3.357604e+00	36
opticalphoton	3.956540e+00	-8.182324e+00	2.000000e+01	2.716255e+00	-4.726206e+00	5.547360e+00	4.000000e+01	2.716255e+00	33
opticalphoton	-4.726206e+00	5.547360e+00	4.000000e+01	2.716255e+00	-4.726206e+00	5.547360e+00	4.000000e+01	2.716255e+00	33
opticalphoton	1.026134e+01	-7.710931e+00	2.000000e+01	2.272496e+00	-1.901915e+00	-6.229058e-01	4.000000e+01	2.272496e+00	30
particle	2.942805e-01	1.668025e+00	-1.961981e+01	1.209174e+00	2.070598e-01	1.576811e+00	-1.943386e+01	1.153954e+00	1
opticalphoton	-9.404082e+00	1.184045e+01	2.000000e+01	2.415340e+00	-2.697085e+00	1.828169e+00	4.000000e+01	2.415340e+00	67
opticalphoton	7.949881e+00	-8.249105e+00	2.000000e+01	4.322724e+00	-3.545981e+00	1.360102e+00	4.000000e+01	4.322724e+00	61
particle	2.070598e-01	1.576811e+00	-1.943386e+01	1.153954e+00	1.630669e-01	1.535437e+00	-1.921866e+01	1.102822e+00	1
opticalphoton	7.898518e+00	-3.746681e+00	2.000000e+01	5.786699e+00	-7.669858e+00	6.013551e-01	4.000000e+01	5.786699e+00	85
opticalphoton	1.194852e+01	-1.117901e+00	2.000000e+01	4.970915e+00	-2.293842e+00	-1.642077e+00	4.000000e+01	4.970915e+00	84
opticalphoton	1.231698e+01	8.484401e+00	2.000000e+01	3.901154e+00	2.855551e+00	7.589348e-01	4.000000e+01	3.901154e+00	82
opticalphoton	1.185186e+01	-1.212810e+00	2.000000e+01	2.097819e+00	-2.434600e+00	-1.633704e+00	4.000000e+01	2.097819e+00	80
opticalphoton	-1.199009e+00	9.731729e+00	2.000000e+01	3.589778e+00	4.674790e-02	-4.814354e+00	4.000000e+01	3.589778e+00	79
opticalphoton	9.327776e+00	1.144491e+01	2.000000e+01	4.045406e+00	2.225846e+00	1.591204e+00	4.000000e+01	4.045406e+00	78
particle	1.630669e-01	1.535437e+00	-1.921866e+01	1.102822e+00	2.055027e-01	1.512965e+00	-1.899806e+01	1.038601e+00	1
opticalphoton	-1.134630e+01	-1.984735e+00	2.000000e+01	3.929274e+00	3.471735e+00	-1.289553e+00	4.000000e+01	3.929274e+00	112
opticalphoton	-8.008239e+00	-4.559135e+00	2.000000e+01	5.273535e+00	7.025521e+00	1.479328e+00	4.000000e+01	5.273535e+00	104
opticalphoton	-2.408133e+00	8.195876e+00	2.000000e+01	4.034274e+00	9.051037e-01	-6.767020e+00	4.000000e+01	4.034274e+00	103
opticalphoton	9.051037e-01	-6.767020e+00	4.000000e+01	4.034274e+00	9.051037e-01	-6.767020e+00	4.000000e+01	4.034274e+00	103
opticalphoton	-1.159377e+01	5.099530e+00	2.000000e+01	6.143125e+00	2.263905e-01	-1.856114e+00	4.000000e+01	6.143125e+00	98
opticalphoton	-6.846197e+00	9.054519e+00	2.000000e+01	5.406761e+00	5.554192e-01	-2.979448e+00	4.000000e+01	5.406761e+00	96
opticalphoton	-2.967775e+00	8.524742e+00	2.000000e+01	4.596880e+00	9.454752e-01	-6.075892e+00	4.000000e+01	4.596880e+00	90
particle	2.055027e-01	1.512965e+00	-1.899806e+01	1.038601e+00	2.486251e-01	1.488487e+00	-1.877624e+01	9.707596e-01	1
opticalphoton	-1.251379e+01	-8.963428e-01	2.000000e+01	5.430298e+00	1.796420e+00	-1.547169e+00	4.000000e+01	5.430298e+00	125
opticalphoton	-8.799574e+00	-4.682778e+00	2.000000e+01	3.120206e+00	6.089709e+00	1.065983e+00	4.000000e+01	3.120206e+00	124
opticalphoton	-9.937580e+00	-4.009608e+00	2.000000e+01	3.381885e+00	5.004448e+00	8.505522e-04	4.000000e+01	3.381885e+00	118
opticalphoton	-7.776209e+00	9.564919e+00	2.000000e+01	5.063994e+00	-1.638928e-01	-1.802329e+00	4.000000e+01	5.063994e+00	115
opticalphoton	-6.299298e+00	-5.122836e+00	2.000000e+01	1.877154e+00	8.134592e+00	3.785209e+00	4.000000e+01	1.877154e+00	113
particle	2.486251e-01	1.488487e+00	-1.877624e+01	9.707596e-01	3.072328e-01	1.469591e+00	-1.856038e+01	9.114434e-01	1
opticalphoton	-2.760420e+00	1.051938e+01	2.000000e+01	4.666232e+00	3.601706e-02	-3.587744e+00	4.000000e+01	4.666232e+00	145
opticalphoton	-1.370812e+01	9.511958e+00	2.000000e+01	4.057463e+00	-4.644616e+00	2.016442e+00	4.000000e+01	4.057463e+00	144
opticalphoton	-1.648102e+00	9.480930e+00	2.000000e+01	4.233552e+00	1.234680e-01	-5.377617e+00	4.000000e+01	4.233552e+00	143
opticalphoton	-1.392379e+01	9.251685e+00	2.000000e+01	2.124589e+00	-4.732313e+00	1.952644e+00	4.000000e+01	2.124589e+00	138
opticalphoton	-1.512183e+00	9.346251e+00	2.000000e+01	2.457013e+00	1.027763e-01	-5.615066e+00	4.000000e+01	2.457013e+00	134
opticalphoton	-1.912001e+00	9.790316e+00	2.000000e+01	3.653852e+00	1.060471e-01	-4.885805e+00	4.000000e+01	3.653852e+00	133
opticalphoton	-1.278642e+01	1.015292e+01	2.000000e+01	5.877479e+00	-4.145745e+00	2.032288e+00	4.000000e+01	5.877479e+00	131
particle	3.072328e-01	1.469591e+00	-1.856038e+01	9.114434e-01	3.772275e-01	1.395790e+00	-1.835779e+01	8.427297e-01	1
opticalphoton	-1.110102e+01	-7.943947e+00	2.000000e+01	3.439044e+00	1.056793e+00	-4.869017e-01	4.000000e+01	3.439044e+00	171
opticalphoton	7.234292e+00	1.435269e+01	2.000000e+01	6.116336e+00	2.236229e+00	3.803998e+00	4.000000e+01	6.116336e+00	169
opticalphoton	-1.393072e+01	-7.848552e+00	2.000000e+01	1.863518e+00	-2.194051e+00	-2.201379e+00	4.000000e+01	1.863518e+00	159
particle	3.772275e-01	1.395790e+00	-1.835779e+01	8.427297e-01	4.875854e-01	1.458064e+00	-1.816091e+01	7.698381e-01	1
opticalphoton	-7.315485e+00	1.325107e+01	2.000000e+01	5.601481e+00	-2.131476e+00	1.889190e+00	4.000000e+01	5.601481e+00	179
particle	4.875854e-01	1.458064e+00	-1.816091e+01	7.698381e-01	5.129814e-01	1.565019e+00	-1.796719e+01	6.918766e-01	1
opticalphoton	-1.302003e+01	3.638152e+00	2.000000e+01	5.824385e+00	-1.012530e-01	-1.659515e+00	4.000000e+01	5.824385e+00	198
opticalphoton	1.668620e+01	-5.329571e+00	2.000000e+01	4.247405e+00	5.144377e+00	-2.759691e+00	4.000000e+01	4.247405e+00	193
particle	5.129814e-01	1.565019e+00	-1.796719e+01	6.918766e-01	6.645859e-01	1.715211e+00	-1.789889e+01	6.141900e-01	1
opticalphoton	1.099187e+01	1.372924e+01	2.000000e+01	2.636371e+00	4.446013e+00	4.946386e+00	4.000000e+01	2.636371e+00	221
particle	6.645859e-01	1.715211e+00	-1.789889e+01	6.141900e-01	5.418865e-01	1.888859e+00	-1.797355e+01	5.219027e-01	1
opticalphoton	-5.073012e+00	1.416239e+01	2.000000e+01	3.369790e+00	-2.189691e+00	3.344317e+00	4.000000e+01	3.369790e+00	232
opticalphoton	-1.099228e+01	7.087136e+00	2.000000e+01	4.830283e+00	-1.495217e+00	-1.176566e+00	4.000000e+01	4.830283e+00	224
particle	5.418865e-01	1.888859e+00	-1.797355e+01	5.219027e-01	3.288725e-01	1.957973e+00	-1.800547e+01	4.226908e-01	1
particle	3.288725e-01	1.957973e+00	-1.800547e+01	4.226908e-01	1.523912e-01	1.937747e+00	-1.814169e+01	3.056883e-01	1
opticalphoton	-6.089125e+00	-8.569129e+00	2.000000e+01	2.141670e+00	3.607365e+00	2.729829e+00	4.000000e+01	2.141670e+00	280
opticalphoton	3.607365e+00	2.729829e+00	4.000000e+01	2.141670e+00	3.607365e+00	2.729829e+00	4.000000e+01	2.141670e+00	280
opticalphoton	-7.757415e+00	6.868140e+00	2.000000e+01	4.056271e+00	9.099225e-01	-3.623926e+00	4.000000e+01	4.056271e+00	266
opticalphoton	9.099225e-01	-3.623926e+00	4.000000e+01	4.056271e+00	9.099225e-01	-3.623926e+00	4.000000e+01	4.056271e+00	266
opticalphoton	-4.498827e+00	7.184078e+00	2.000000e+01	4.056271e+00	4.071899e-01	-5.509904e+00	4.000000e+01	4.056271e+00	266
opticalphoton	4.071899e-01	-5.509904e+00	4.000000e+01	4.056271e+00	4.071899e-01	-5.509904e+00	4.000000e+01	4.056271e+00	266
opticalphoton	-1.906863e+00	6.327196e+00	2.000000e+01	4.056271e+00	-1.265359e+00	-7.266724e+00	4.000000e+01	4.056271e+00	266
particle	1.523912e-01	1.937747e+00	-1.814169e+01	3.056883e-01	1.971331e-01	2.075700e+00	-1.819052e+01	2.076157e-01	1
particle	1.971331e-01	2.075700e+00	-1.819052e+01	2.076157e-01	2.259056e-01	2.134642e+00	-1.818493e+01	1.660165e-01	1
particle	2.259056e-01	2.134642e+00	-1.818493e+01	1.660165e-01	2.294674e-01	2.141961e+00	-1.818750e+01	1.643264e-01	1
particle	2.294674e-01	2.141961e+00	-1.818750e+01	1.643264e-01	2.315665e-01	2.146929e+00	-1.818949e+01	1.616826e-01	1
particle	2.315665e-01	2.146929e+00	-1.818949e+01	1.616826e-01	2.316936e-01	2.147863e+00	-1.819037e+01	1.609330e-01	1
particle	2.316936e-01	2.147863e+00	-1.819037e+01	1.609330e-01	2.369768e-01	2.202396e+00	-1.823011e+01	0.000000e+00	1
particle	2.369768e-01	2.202396e+00	-1.823011e+01	0.000000e+00	2.369768e-01	2.202396e+00	-1.823011e+01	0.000000e+00	1

particle	-1.332168e-01	1.950615e+00	-2.075000e+01	1.341076e+00	-3.547852e-01	2.760969e+00	-2.000000e+01	1.340049e+00	1
particle	-3.547852e-01	2.760969e+00	-2.000000e+01	1.340049e+00	-3.950321e-01	2.886834e+00	-1.984956e+01	1.262992e+00	1
opticalphoton	2.790757e+00	-6.666851e-01	2.000000e+01	6.096170e+00	4.365790e+00	-2.386537e+00	4.000000e+01	6.096170e+00	2
particle	-3.950321e-01	2.886834e+00	-1.984956e+01	1.262992e+00	-4.142973e-01	2.994097e+00	-1.972260e+01	1.222420e+00	1
opticalphoton	1.558372e+01	5.839582e+00	2.000000e+01	4.947356e+00	5.698175e+00	-1.342181e-02	4.000000e+01	4.947356e+00	21
opticalphoton	-9.276593e+00	-1.216377e-01	2.000000e+01	1.787616e+00	5.242474e+00	-4.768888e+00	4.000000e+01	1.787616e+00	17
particle	-4.142973e-01	2.994097e+00	-1.972260e+01	1.222420e+00	-4.748316e-01	3.075882e+00	-1.957820e+01	1.170865e+00	1
particle	-4.748316e-01	3.075882e+00	-1.957820e+01	1.170865e+00	-4.649091e-01	3.089766e+00	-1.935350e+01	1.107942e+00	1
particle	-4.649091e-01	3.089766e+00	-1.935350e+01	1.107942e+00	-4.445933e-01	3.020712e+00	-1.913877e+01	9.976678e-01	1
opticalphoton	5.514615e+00	1.228051e+01	2.000000e+01	4.873354e+00	1.998905e+00	5.371210e-01	4.000000e+01	4.873354e+00	78
opticalphoton	-8.903935e+00	-1.579357e-01	2.000000e+01	6.004127e+00	5.876658e+00	-5.218940e+00	4.000000e+01	6.004127e+00	77
opticalphoton	6.987315e+00	9.179341e+00	2.000000e+01	2.128914e+00	1.152766e+00	-2.880420e+00	4.000000e+01	2.128914e+00	68
opticalphoton	-1.154814e+01	7.595833e+00	2.000000e+01	3.346477e+00	-2.597827e+00	-8.903513e-01	4.000000e+01	3.346477e+00	60
opticalphoton	-7.501199e-01	1.565008e+01	2.000000e+01	4.116470e+00	8.325650e-03	4.849797e+00	4.000000e+01	4.116470e+00	58
opticalphoton	-5.304215e+00	1.503586e+01	2.000000e+01	4.083994e+00	-2.175738e+00	4.829117e+00	4.000000e+01	4.083994e+00	54
particle	-4.445933e-01	3.020712e+00	-1.913877e+01	9.976678e-01	-3.562627e-01	3.036614e+00	-1.892703e+01	9.347884e-01	1
opticalphoton	-2.729063e+00	6.882041e+00	2.000000e+01	2.756865e+00	1.559045e+00	-7.679227e+00	4.000000e+01	2.756865e+00	93
opticalphoton	-1.145444e+01	1.165846e+01	2.000000e+01	3.432479e+00	-4.836116e+00	3.026151e+00	4.000000e+01	3.432479e+00	87
opticalphoton	-1.296680e+01	1.151448e+01	2.000000e+01	2.391598e+00	-6.094991e+00	3.664781e+00	4.000000e+01	2.391598e+00	85
opticalphoton	-7.222888e+00	1.078491e+01	2.000000e+01	1.880899e+00	-1.495310e+00	-2.989556e-01	4.000000e+01	1.880899e+00	79
particle	-3.562627e-01	3.036614e+00	-1.892703e+01	9.347884e-01	-2.607427e-01	2.988890e+00	-1.872466e+01	8.732131e-01	1
opticalphoton	-3.513043e+00	-8.849859e+00	2.000000e+01	1.967960e+00	5.119256e+00	5.862347e+00	4.000000e+01	1.967960e+00	114
opticalphoton	5.119256e+00	5.862347e+00	4.000000e+01	1.967960e+00	5.119256e+00	5.862347e+00	4.000000e+01	1.967960e+00	114
particle	-2.607427e-01	2.988890e+00	-1.872466e+01	8.732131e-01	-9.104601e-02	2.834382e+00	-1.869628e+01	8.105777e-01	1
opticalphoton	4.114082e+00	-8.200946e+00	2.000000e+01	4.329896e+00	-5.569051e+00	6.143408e+00	4.000000e+01	4.329896e+00	123
opticalphoton	-5.569051e+00	6.143408e+00	4.000000e+01	4.329896e+00	-5.569051e+00	6.143408e+00	4.000000e+01	4.329896e+00	123
opticalphoton	7.473437e+00	-9.134784e+00	2.000000e+01	5.337434e+00	-4.121336e+00	1.525489e+00	4.000000e+01	5.337434e+00	116
particle	-9.104601e-02	2.834382e+00	-1.869628e+01	8.105777e-01	9.311156e-02	2.725802e+00	-1.859773e+01	6.915728e-01	1
opticalphoton	3.187397e+00	-1.304521e+01	2.000000e+01	6.136406e+00	-1.038827e+00	1.515733e+00	4.000000e+01	6.136406e+00	140
particle	9.311156e-02	2.725802e+00	-1.859773e+01	6.915728e-01	2.939051e-01	2.613637e+00	-1.853599e+01	6.317914e-01	1
opticalphoton	1.026231e+01	-7.298418e-02	2.000000e+01	4.654045e+00	-4.559326e+00	-3.895240e+00	4.000000e+01	4.654045e+00	173
opticalphoton	1.462614e+01	-1.540326e+00	2.000000e+01	5.702671e+00	1.453262e+00	-2.547652e+00	4.000000e+01	5.702671e+00	160
opticalphoton	1.334109e+01	-6.943538e-01	2.000000e+01	2.188602e+00	-3.525017e-01	-2.775302e+00	4.000000e+01	2.188602e+00	159
particle	2.939051e-01	2.613637e+00	-1.853599e+01	6.317914e-01	3.800682e-01	2.414607e+00	-1.847580e+01	5.337419e-01	1
opticalphoton	8.017562e+00	-1.633155e+01	2.000000e+01	5.401404e+00	1.777198e+00	-5.610991e+00	4.000000e+01	5.401404e+00	195
opticalphoton	3.080489e-02	-1.453320e+01	2.000000e+01	5.525422e+00	-2.894504e-01	2.537221e-02	4.000000e+01	5.525422e+00	186
opticalphoton	1.101477e+01	-1.042006e+01	2.000000e+01	3.935477e+00	-1.048239e-01	-2.363130e+00	4.000000e+01	3.935477e+00	179
particle	3.800682e-01	2.414607e+00	-1.847580e+01	5.337419e-01	3.956242e-01	2.325425e+00	-1.826851e+01	4.533692e-01	1
opticalphoton	1.464129e+01	6.450795e+00	2.000000e+01	3.220180e+00	4.507120e+00	2.753297e-01	4.000000e+01	3.220180e+00	204
opticalphoton	-1.038698e+01	-3.186713e+00	2.000000e+01	5.792826e+00	5.278037e+00	-1.630007e+00	4.000000e+01	5.792826e+00	202
particle	3.956242e-01	2.325425e+00	-1.826851e+01	4.533692e-01	4.420990e-01	2.258419e+00	-1.805816e+01	1.631014e-01	1
opticalphoton	-1.590203e+00	-8.358385e+00	2.000000e+01	5.789995e+00	1.746004e+00	9.057178e+00	4.000000e+01	5.789995e+00	233
opticalphoton	1.746004e+00	9.057178e+00	4.000000e+01	5.789995e+00	1.746004e+00	9.057178e+00	4.000000e+01	5.789995e+00	233
opticalphoton	-1.965569e+00	-9.017413e+00	2.000000e+01	2.880129e+00	1.877483e+00	7.896827e+00	4.000000e+01	2.880129e+00	227
opticalphoton	1.877483e+00	7.896827e+00	4.000000e+01	2.880129e+00	1.877483e+00	7.896827e+00	4.000000e+01	2.880129e+00	227
particle	4.420990e-01	2.258419e+00	-1.805816e+01	1.631014e-01	4.452129e-01	2.258317e+00	-1.805617e+01	1.614027e-01	1
particle	4.452129e-01	2.258317e+00	-1.805617e+01	1.614027e-01	4.458170e-01	2.258261e+00	-1.805564e+01	1.610912e-01	1
particle	4.458170e-01	2.258261e+00	-1.805564e+01	1.610912e-01	4.460224e-01	2.258231e+00	-1.805547e+01	1.610912e-01	1
particle	4.460224e-01	2.258231e+00	-1.805547e+01	1.610912e-01	4.462220e-01	2.258200e+00	-1.805529e+01	1.610912e-01	1
particle	4.462220e-01	2.258200e+00	-1.805529e+01	1.610912e-01	4.464129e-01	2.258164e+00	-1.805511e+01	1.609854e-01	1
particle	4.464129e-01	2.258164e+00	-1.805511e+01	1.609854e-01	4.464761e-01	2.258154e+00	-1.805505e+01	1.609854e-01	1
particle	4.464761e-01	2.258154e+00	-1.805505e+01	1.609854e-01	4.465391e-01	2.258145e+00	-1.805499e+01	1.608706e-01	1
particle	4.465391e-01	2.258145e+00	-1.805499e+01	1.608706e-01	4.958546e-01	2.251416e+00	-1.800919e+01	0.000000e+00	1
particle	4.958546e-01	2.251416e+00	-1.800919e+01	0.000000e+00	4.958546e-01	2.251416e+00	-1.800919e+01	0.000000e+00	1

particle	-4.002479e+00	-2.049553e+00	-2.075000e+01	1.286913e+00	-3.545238e+00	-2.767895e+00	-2.000000e+01	1.286802e+00	1
particle	-3.545238e+00	-2.767895e+00	-2.000000e+01	1.286802e+00	-3.456652e+00	-2.853308e+00	-1.984517e+01	1.224240e+00	1
particle	-3.456652e+00	-2.853308e+00	-1.984517e+01	1.224240e+00	-3.413406e+00	-2.937119e+00	-1.971107e+01	1.083340e+00	1
opticalphoton	7.948317e+00	2.626114e+00	2.000000e+01	4.310894e+00	-9.948636e+00	8.465073e-01	4.000000e+01	4.310894e+00	27
opticalphoton	-9.948636e+00	8.465073e-01	4.000000e+01	4.310894e+00	-9.948636e+00	8.465073e-01	4.000000e+01	4.310894e+00	27
particle	-3.413406e+00	-2.937119e+00	-1.971107e+01	1.083340e+00	-3.406421e+00	-3.052168e+00	-1.957144e+01	1.014834e+00	1
opticalphoton	3.307467e+00	1.800051e+00	2.000000e+01	2.420836e+00	6.692424e+00	4.186427e+00	4.000000e+01	2.420836e+00	47
opticalphoton	1.650809e+01	-3.237434e+00	2.000000e+01	4.697379e+00	4.268568e+00	1.709419e+00	4.000000e+01	4.697379e+00	44
opticalphoton	-1.183529e+01	-2.245915e+00	2.000000e+01	3.472453e+00	-6.098855e-01	2.421705e+00	4.000000e+01	3.472453e+00	38
opticalphoton	-6.098855e-01	2.421705e+00	4.000000e+01	3.472453e+00	-6.098855e-01	2.421705e+00	4.000000e+01	3.472453e+00	38
opticalphoton	-1.340477e+01	-1.260675e+01	2.000000e+01	3.472453e+00	-5.747024e+00	-3.164543e+00	4.000000e+01	3.472453e+00	38
particle	-3.406421e+00	-3.052168e+00	-1.957144e+01	1.014834e+00	-3.329576e+00	-3.251767e+00	-1.948896e+01	9.348441e-01	1
opticalphoton	1.020588e+01	-5.367111e+00	2.000000e+01	3.231083e+00	3.796564e-01	6.247055e+00	4.000000e+01	3.231083e+00	57
opticalphoton	3.796564e-01	6.247055e+00	4.000000e+01	3.231083e+00	3.796564e-01	6.247055e+00	4.000000e+01	3.231083e+00	57
opticalphoton	-2.306276e+00	-7.144872e+00	2.000000e+01	5.943334e+00	5.459768e+00	4.920041e+00	4.000000e+01	5.943334e+00	51
opticalphoton	1.267959e+01	-1.224101e+01	2.000000e+01	2.769024e+00	6.577889e+00	-2.267834e+00	4.000000e+01	2.769024e+00	50
particle	-3.329576e+00	-3.251767e+00	-1.948896e+01	9.348441e-01	-3.264847e+00	-3.407201e+00	-1.933113e+01	8.370019e-01	1
opticalphoton	1.979978e+01	-1.079536e+00	2.000000e+01	5.127215e+00	8.105945e+00	1.358142e+00	4.000000e+01	5.127215e+00	84
opticalphoton	3.761367e+00	-1.930072e+00	2.000000e+01	4.513069e+00	7.338812e+00	-1.199235e+00	4.000000e+01	4.513069e+00	81
opticalphoton	7.338812e+00	-1.199235e+00	4.000000e+01	4.513069e+00	7.338812e+00	-1.199235e+00	4.000000e+01	4.513069e+00	81
opticalphoton	-1.115239e+01	-9.214608e+00	2.000000e+01	5.583250e+00	-3.265806e+00	-2.134417e+00	4.000000e+01	5.583250e+00	69
opticalphoton	-7.286137e-01	-3.176423e+00	2.000000e+01	5.786894e+00	5.734712e-01	-3.094620e+00	4.000000e+01	5.786894e+00	65
particle	-3.264847e+00	-3.407201e+00	-1.933113e+01	8.370019e-01	-3.364229e+00	-3.395224e+00	-1.911672e+01	7.698300e-01	1
opticalphoton	6.085078e-01	-8.288161e+00	2.000000e+01	2.354687e+00	5.394452e+00	5.394033e+00	4.000000e+01	2.354687e+00	94
particle	-3.364229e+00	-3.395224e+00	-1.911672e+01	7.698300e-01	-3.459077e+00	-3.431024e+00	-1.890247e+01	6.690822e-01	1
opticalphoton	4.169483e+00	-8.699949e+00	2.000000e+01	5.597605e+00	4.742159e+00	6.005624e+00	4.000000e+01	5.597605e+00	110
opticalphoton	-5.530204e+00	1.645187e+01	2.000000e+01	3.633398e+00	1.174959e+00	5.483884e+00	4.000000e+01	3.633398e+00	109
opticalphoton	9.403988e+00	-1.555706e+01	2.000000e+01	2.765399e+00	6.459683e+00	-5.092032e+00	4.000000e+01	2.765399e+00	104
particle	-3.459077e+00	-3.431024e+00	-1.890247e+01	6.690822e-01	-3.436661e+00	-3.672104e+00	-1.884252e+01	5.657006e-01	1
opticalphoton	-7.208156e-01	-1.078052e+01	2.000000e+01	5.184891e+00	4.119583e+00	1.444576e+00	4.000000e+01	5.184891e+00	128
particle	-3.436661e+00	-3.672104e+00	-1.884252e+01	5.657006e-01	-3.523887e+00	-3.914685e+00	-1.887913e+01	4.779594e-01	1
particle	-3.523887e+00	-3.914685e+00	-1.887913e+01	4.779594e-01	-3.512985e+00	-3.895495e+00	-1.910434e+01	3.821168e-01	1
opticalphoton	2.824194e+00	-8.020353e+00	2.000000e+01	3.410760e+00	5.589054e+00	5.698647e+00	4.000000e+01	3.410760e+00	173
opticalphoton	5.589054e+00	5.698647e+00	4.000000e+01	3.410760e+00	5.589054e+00	5.698647e+00	4.000000e+01	3.410760e+00	173
opticalphoton	-5.259043e+00	-5.074854e+00	2.000000e+01	4.586483e+00	3.977737e+00	4.620469e+00	4.000000e+01	4.586483e+00	170
opticalphoton	-8.317186e-01	-8.053651e+00	2.000000e+01	4.235150e+00	5.065216e+00	4.025234e+00	4.000000e+01	4.235150e+00	169
opticalphoton	-6.883272e+00	1.110726e+00	2.000000e+01	3.290109e+00	6.445647e+00	6.953704e+00	4.000000e+01	3.290109e+00	163
opticalphoton	-6.090169e+00	-3.839459e+00	2.000000e+01	4.169820e+00	4.018487e+00	5.169623e+00	4.000000e+01	4.169820e+00	162
opticalphoton	-4.639121e+00	-5.667906e+00	2.000000e+01	2.863786e+00	4.096992e+00	4.408600e+00	4.000000e+01	2.863786e+00	160
opticalphoton	-6.950533e+00	2.444418e-01	2.000000e+01	4.720599e+00	5.784145e+00	6.798773e+00	4.000000e+01	4.720599e+00	159
opticalphoton	-2.635360e+00	-7.238912e+00	2.000000e+01	1.777421e+00	4.585526e+00	3.946825e+00	4.000000e+01	1.777421e+00	155
particle	-3.512985e+00	-3.895495e+00	-1.910434e+01	3.821168e-01	-3.495442e+00	-3.901617e+00	-1.932245e+01	2.706597e-01	1
opticalphoton	1.107303e+01	9.985023e+00	2.000000e+01	4.214548e+00	-2.609867e-01	3.897013e-01	4.000000e+01	4.214548e+00	186
opticalphoton	-1.376419e+01	7.766982e+00	2.000000e+01	6.115373e+00	-2.407626e+00	5.751063e+00	4.000000e+01	6.115373e+00	184
opticalphoton	1.027629e+01	-1.068953e-01	2.000000e+01	5.157094e+00	-4.697520e+00	6.260647e+00	4.000000e+01	5.157094e+00	183
opticalphoton	-7.000262e+00	1.598295e+01	2.000000e+01	2.226789e+00	5.935139e-01	6.224161e+00	4.000000e+01	2.226789e+00	181
opticalphoton	-5.320276e+00	1.659931e+01	2.000000e+01	4.830265e+00	1.152487e+00	5.860282e+00	4.000000e+01	4.830265e+00	180
opticalphoton	-1.011602e+01	-4.304505e+00	2.000000e+01	2.611806e+00	-3.886004e-01	2.549573e+00	4.000000e+01	2.611806e+00	179
opticalphoton	-3.285046e+00	-7.099760e+00	2.000000e+01	3.402135e+00	4.297580e+00	3.808197e+00	4.000000e+01	3.402135e+00	178
opticalphoton	1.193135e+01	3.536794e+00	2.000000e+01	6.113987e+00	-3.778294e+00	2.216084e+00	4.000000e+01	6.113987e+00	176
opticalphoton	-4.566077e+00	-6.926359e+00	2.000000e+01	3.900725e+00	3.482528e+00	3.272228e+00	4.000000e+01	3.900725e+00	175
opticalphoton	1.205623e+01	5.706805e+00	2.000000e+01	1.823044e+00	-2.684754e+00	1.042671e+00	4.000000e+01	1.823044e+00	174
particle	-3.495442e+00	-3.901617e+00	-1.932245e+01	2.706597e-01	-3.472739e+00	-3.819153e+00	-1.941328e+01	2.005468e-01	1
particle	-3.472739e+00	-3.819153e+00	-1.941328e+01	2.005468e-01	-3.460518e+00	-3.780226e+00	-1.937328e+01	1.583471e-01	1
particle	-3.460518e+00	-3.780226e+00	-1.937328e+01	1.583471e-01	-3.434657e+00	-3.743295e+00	-1.932522e+01	0.000000e+00	1
particle	-3.434657e+00	-3.743295e+00	-1.932522e+01	0.000000e+00	-3.434657e+00	-3.743295e+00	-1.932522e+01	0.000000e+00	1

particle	-2.607953e+00	2.644851e-01	-2.075000e+01	1.170282e+00	-3.469832e+00	8.772667e-01	-2.000000e+01	1.170134e+00	1
particle	-3.469832e+00	8.772667e-01	-2.000000e+01	1.170134e+00	-3.552653e+00	9.803013e-01	-1.990601e+01	1.114154e+00	1
opticalphoton	-1.565256e+01	-2.369494e+00	2.000000e+01	3.645577e+00	-5.211694e+00	-1.909050e+00	4.000000e+01	3.645577e+00	3
opticalphoton	-1.862526e+01	-2.243023e+00	2.000000e+01	4.034291e+00	-9.665583e+00	-1.954407e+00	4.000000e+01	4.034291e+00	2
particle	-3.552653e+00	9.803013e-01	-1.990601e+01	1.114154e+00	-3.625205e+00	1.068856e+00	-1.983487e+01	1.073094e+00	1
particle	-3.625205e+00	1.068856e+00	-1.983487e+01	1.073094e+00	-3.672610e+00	1.190159e+00	-1.978753e+01	6.962449e-01	1
opticalphoton	-1.202567e+01	1.129635e+01	2.000000e+01	2.639519e+00	-3.876368e+00	5.281636e+00	4.000000e+01	2.639519e+00	42
opticalphoton	-3.876368e+00	5.281636e+00	4.000000e+01	2.639519e+00	-3.876368e+00	5.281636e+00	4.000000e+01	2.639519e+00	42
opticalphoton	-1.065703e+01	1.551295e+01	2.000000e+01	4.693994e+00	-4.404753e+00	8.766912e+00	4.000000e+01	4.693994e+00	40
particle	-3.672610e+00	1.190159e+00	-1.978753e+01	6.962449e-01	-3.703634e+00	1.317870e+00	-1.978106e+01	6.568623e-01	1
particle	-3.703634e+00	1.317870e+00	-1.978106e+01	6.568623e-01	-3.753605e+00	1.430897e+00	-1.980642e+01	6.214871e-01	1
particle	-3.753605e+00	1.430897e+00	-1.980642e+01	6.214871e-01	-3.767097e+00	1.541241e+00	-1.985682e+01	5.867346e-01	1
opticalphoton	-1.048192e+01	1.466995e+01	2.000000e+01	5.381200e+00	-4.047850e+00	7.943663e+00	4.000000e+01	5.381200e+00	57
opticalphoton	-4.047850e+00	7.943663e+00	4.000000e+01	5.381200e+00	-4.047850e+00	7.943663e+00	4.000000e+01	5.381200e+00	57
opticalphoton	7.946120e-02	-3.059019e+00	2.000000e+01	5.381200e+00	-7.854415e+00	1.808611e+00	4.000000e+01	5.381200e+00	57
particle	-3.767097e+00	1.541241e+00	-1.985682e+01	5.867346e-01	-3.783606e+00	1.588707e+00	-1.992135e+01	5.617015e-01	1
opticalphoton	1.528311e+01	1.181104e+01	2.000000e+01	4.372965e+00	7.492051e+00	3.410524e+00	4.000000e+01	4.372965e+00	66
opticalphoton	7.492051e+00	3.410524e+00	4.000000e+01	4.372965e+00	7.492051e+00	3.410524e+00	4.000000e+01	4.372965e+00	66
opticalphoton	1.112545e+01	9.164533e+00	2.000000e+01	2.376685e+00	2.827000e+00	-1.867040e+00	4.000000e+01	2.376685e+00	64
opticalphoton	-4.491514e+00	-2.102310e+00	2.000000e+01	3.006628e+00	-4.847071e+00	-3.936215e+00	4.000000e+01	3.006628e+00	63
particle	-3.783606e+00	1.588707e+00	-1.992135e+01	5.617015e-01	-3.793759e+00	1.629928e+00	-1.992562e+01	5.469761e-01	1
opticalphoton	1.496675e+01	-1.325551e+01	2.000000e+01	5.547286e+00	-8.571483e+00	2.352204e+00	4.000000e+01	5.547286e+00	70
opticalphoton	-8.571483e+00	2.352204e+00	4.000000e+01	5.547286e+00	-8.571483e+00	2.352204e+00	4.000000e+01	5.547286e+00	70
particle	-3.793759e+00	1.629928e+00	-1.992562e+01	5.469761e-01	-3.803165e+00	1.671005e+00	-1.994386e+01	5.256900e-01	1
opticalphoton	3.738393e+00	1.296442e+01	2.000000e+01	3.468917e+00	4.139678e+00	-1.070515e-01	4.000000e+01	3.468917e+00	76
opticalphoton	4.139678e+00	-1.070515e-01	4.000000e+01	3.468917e+00	4.139678e+00	-1.070515e-01	4.000000e+01	3.468917e+00	76
opticalphoton	-6.929869e+00	1.136171e+01	2.000000e+01	3.468917e+00	3.011429e+00	2.864950e+00	4.000000e+01	3.468917e+00	76
opticalphoton	-9.488964e+00	1.475310e+01	2.000000e+01	3.101110e+00	-3.141436e+00	7.595326e+00	4.000000e+01	3.101110e+00	72
opticalphoton	3.778688e+00	1.285745e+01	2.000000e+01	4.435313e+00	4.138757e+00	-2.714698e-01	4.000000e+01	4.435313e+00	71
particle	-3.803165e+00	1.671005e+00	-1.994386e+01	5.256900e-01	-3.811838e+00	1.703924e+00	-1.996445e+01	5.138199e-01	1
particle	-3.811838e+00	1.703924e+00	-1.996445e+01	5.138199e-01	-3.832589e+00	1.730146e+00	-1.997585e+01	5.051037e-01	1
opticalphoton	-5.266898e+00	1.116752e+01	2.000000e+01	5.893035e+00	2.416033e+00	1.616416e+00	4.000000e+01	5.893035e+00	81
particle	-3.832589e+00	1.730146e+00	-1.997585e+01	5.051037e-01	-3.853111e+00	1.756322e+00	-1.998576e+01	4.966127e-01	1
particle	-3.853111e+00	1.756322e+00	-1.998576e+01	4.966127e-01	-3.879199e+00	1.781831e+00	-1.999417e+01	4.842229e-01	1
particle	-3.879199e+00	1.781831e+00	-1.999417e+01	4.842229e-01	-3.893846e+00	1.791131e+00	-2.000000e+01	4.767347e-01	1
