     0           136
     1           606
     2          1390
     3          2424
     4          6111
     5         17155
     6         39846
     7         76146
     8        123412
     9        175446
    10        211226
    11        220470
    12        208853
    13        193570
    14        178338
    15        163734
    16        150727
    17        138441
    18        127645
    19        117279
    20        107433
    21         99232
    22         90938
    23         83484
    24         76798
    25         70664
    26         63745
    27         58672
    28         53319
    29         48424
    30         44007
    31         39974
    32         36273
    33         32621
    34         29651
    35         26724
    36         24221
    37         21624
    38         19603
    39         17874
    40         15947
    41         14418
    42         13178
    43         12006
    44         11006
    45          9819
    46          8895
    47          8087
    48          7378
    49          6735
    50          5998
    51          5553
    52          5084
    53          4496
    54          4150
    55          3766
    56          3272
    57          2954
    58          2729
    59          2485
    60          2235
    61          2015
    62          1903
    63          1706
    64          1566
    65          1429
    66          1285
    67          1124
    68          1102
    69           954
    70           821
    71           824
    72           669
    73           663
    74           614
    75           600
    76           477
    77           469
    78           425
    79           390
    80           366
    81           330
    82           331
    83           278
    84           252
    85           243
    86           209
    87           234
    88           183
    89           186
    90           165
    91           153
    92           166
    93           153
    94           145
    95           118
    96           121
    97           160
    98           123
    99           117
   100           106
   101            90
   102           105
   103           108
   104           118
   105            98
   106           122
   107           117
   108           121
   109           124
   110           129
   111           126
   112           125
   113           131
   114           133
   115           125
   116           122
   117           151
   118           157
   119           131
   120           141
   121           168
   122           168
   123           164
   124           171
   125           169
   126           205
   127           219
   128           189
   129           209
   130           192
   131           205
   132           201
   133           203
   134           216
   135           212
   136           230
   137           248
   138           207
   139           247
   140           221
   141           225
   142           268
   143           247
   144           221
   145           238
   146           265
   147           250
   148           268
   149           287
   150           252
   151           223
   152           278
   153           249
   154           254
   155           254
   156           229
   157           255
   158           231
   159           215
   160           227
   161           225
   162           237
   163           216
   164           211
   165           207
   166           209
   167           220
   168           211
   169           187
   170           194
   171           187
   172           181
   173           189
   174           175
   175           167
   176           160
   177           170
   178           161
   179           173
   180           141
   181           157
   182           145
   183           138
   184           143
   185           145
   186           122
   187           147
   188           131
   189           110
   190           121
   191           116
   192            91
   193           123
   194           109
   195           125
   196           111
   197           102
   198            98
   199            81
   200           107
   201            80
   202            75
   203            82
   204            76
   205            64
   206            71
   207            65
   208            61
   209            64
   210            65
   211            46
   212            63
   213            55
   214            54
   215            45
   216            47
   217            44
   218            42
   219            35
   220            42
   221            44
   222            44
   223            29
   224            44
   225            32
   226            29
   227            33
   228            38
   229            37
   230            25
   231            27
   232            26
   233            25
   234            25
   235            19
   236            20
   237            18
   238            21
   239            21
   240            10
   241            19
   242            14
   243            21
   244            29
   245            13
   246            17
   247            16
   248            18
   249            10
   250            13
   251            16
   252            16
   253            10
   254            19
   255            17
   256            12
   257             6
   258            12
   259            11
   260            12
   261             9
   262            10
   263             9
   264            10
   265             9
   266            14
   267             9
   268             5
   269            17
   270            12
   271            11
   272             9
   273            10
   274             7
   275            10
   276            10
   277            10
   278            12
   279            13
   280             9
   281             7
   282            10
   283             4
   284             9
   285             5
   286             8
   287             4
   288            10
   289             4
   290             8
   291             5
   292             8
   293             9
   294             8
   295             7
   296            11
   297             9
   298             8
   299             7
   300             5
   301             3
   302             2
   303             9
   304             5
   305             5
   306             6
   307             5
   308             3
   309            11
   310             8
   311             6
   312             6
   313             7
   314             5
   315             5
   316            10
   317             6
   318            11
   319             8
   320             5
   321             8
   322             2
   323            12
   324             7
   325             5
   326             7
   327             2
   328             9
   329             5
   330             5
   331             6
   332             6
   333             6
   334             2
   335             2
   336             8
   337             6
   338             5
   339             5
   340             7
   341             6
   342             6
   343             5
   344             5
   345             9
   346             8
   347             8
   348            11
   349             4
   350             6
   351             4
   352            10
   353             5
   354             3
   355             5
   356             4
   357             7
   358            10
   359             9
   360             6
   361             3
   362            10
   363             9
   364             5
   365             3
   366             8
   367            12
   368             7
   369             6
   370             2
   371             7
   372             6
   373             3
   374             3
   375             4
   376             5
   377             4
   378             3
   379             3
   380            10
   381            10
   382             7
   383             3
   384             4
   385             7
   386            15
   387             3
   388             8
   389             2
   390             6
   391             9
   392             6
   393             4
   394             6
   395             7
   396             4
   397            11
   398             9
   399             7
   400             3
   401             3
   402             9
   403             5
   404             8
   405             3
   406             2
   407            10
   408             5
   409             6
   410            10
   411             7
   412             5
   413             5
   414             9
   415            15
   416             5
   417             8
   418             4
   419             7
   420            11
   421             6
   422             6
   423             5
   424             6
   425             7
   426             4
   427             5
   428             6
   429             5
   430             2
   431             2
   432             5
   433             7
   434             6
   435             3
   436             4
   437             6
   438             3
   439             7
   440             6
   441             5
   442             5
   443             3
   444             5
   445             5
   446             6
   447             3
   448             4
   449             9
   450             7
   451             3
   452             6
   453             6
   454             7
   455             3
   456             8
   457             7
   458             5
   459             7
   460             3
   461             8
   462             6
   463             4
   464             6
   465            10
   466             3
   467             4
   468             6
   469             9
   470             1
   471             8
   472             6
   473             2
   474             5
   475             7
   476             4
   477             7
   478             7
   479             3
   480             6
   481             9
   482             7
   483             9
   484             4
   485             6
   486             6
   487             6
   488             6
   489             1
   490             5
   491             3
   492             5
   493             5
   494             7
   495             5
   496             5
   497             4
   498             4
   499            11
   500             4
   501             9
   502             5
   503             6
   504             5
   505             4
   506             4
   507             4
   508             4
   509             4
   510             3
   511             3
   512             6
   513             6
   514             8
   515             5
   516             5
   517             2
   518             2
   519             6
   520             8
   521             7
   522             9
   523             6
   524            11
   525             6
   526             2
   527             8
   528            11
   529            10
   530             3
   531             4
   532             5
   533             5
   534             6
   535             1
   536             6
   537            10
   538             6
   539             7
   540             6
   541             5
   542             7
   543             6
   544             0
   545             6
   546             5
   547            11
   548             3
   549             3
   550             7
   551            10
   552             6
   553             4
   554             6
   555             5
   556             4
   557             4
   558             4
   559             8
   560             9
   561             4
   562             4
   563             4
   564             5
   565             4
   566             5
   567             5
   568             5
   569             2
   570            10
   571             6
   572             6
   573             3
   574             6
   575             2
   576             3
   577             7
   578             4
   579             6
   580             5
   581             2
   582             6
   583             3
   584             4
   585             3
   586             4
   587             6
   588             7
   589             1
   590             4
   591             4
   592             3
   593             7
   594             3
   595             7
   596             2
   597             6
   598             4
   599             4
   600             6
   601             4
   602             5
   603             6
   604             6
   605             4
   606             5
   607             7
   608             5
   609             5
   610             5
   611             4
   612             5
   613             3
   614             2
   615             5
   616             2
   617             5
   618             1
   619             5
   620             4
   621             2
   622             6
   623             4
   624             2
   625             5
   626             2
   627             4
   628             2
   629             2
   630             6
   631             5
   632             4
   633             4
   634             3
   635             4
   636             2
   637             2
   638             6
   639             7
   640             5
   641             4
   642             2
   643             5
   644             8
   645             3
   646             7
   647             8
   648             5
   649             7
   650             6
   651             2
   652             5
   653             5
   654             4
   655             1
   656             3
   657             5
   658             5
   659             1
   660             0
   661             3
   662             4
   663             4
   664             8
   665             6
   666             4
   667             3
   668             7
   669             7
   670             2
   671             4
   672             4
   673             5
   674             6
   675             3
   676             7
   677             5
   678             3
   679             0
   680             5
   681             3
   682             1
   683             4
   684             4
   685             2
   686             1
   687             5
   688             3
   689             3
   690             2
   691             6
   692             5
   693             4
   694             4
   695             2
   696             5
   697             6
   698             2
   699             4
   700             2
   701             3
   702             3
   703             3
   704             1
   705             2
   706             6
   707             2
   708             5
   709             3
   710             1
   711             5
   712             3
   713             3
   714             5
   715             3
   716             4
   717             0
   718             1
   719             3
   720             4
   721             2
   722             2
   723             1
   724             5
   725             3
   726             3
   727             3
   728             4
   729             4
   730             0
   731             3
   732             5
   733             6
   734             1
   735             3
   736             1
   737             2
   738             3
   739             3
   740             2
   741             3
   742             8
   743             2
   744             2
   745             5
   746             3
   747             2
   748             2
   749             5
   750             7
   751             2
   752             3
   753             6
   754             5
   755             2
   756             3
   757             4
   758             2
   759             5
   760             2
   761             5
   762             3
   763             1
   764             3
   765             3
   766             2
   767             0
   768             0
   769             4
   770             3
   771             7
   772             0
   773             1
   774             5
   775             2
   776             5
   777             2
   778             2
   779             1
   780             3
   781             3
   782             1
   783             2
   784             1
   785             3
   786             3
   787             2
   788             1
   789             0
   790             2
   791             2
   792             0
   793             0
   794             3
   795             2
   796             4
   797             1
   798             3
   799             5
   800             1
   801             0
   802             2
   803             4
   804             1
   805             3
   806             2
   807             5
   808             1
   809             1
   810             2
   811             4
   812             2
   813             1
   814             3
   815             3
   816             2
   817             3
   818             3
   819             1
   820             4
   821             4
   822             3
   823             5
   824             5
   825             2
   826             0
   827             4
   828             1
   829             1
   830             3
   831             2
   832             0
   833             3
   834             3
   835             2
   836             3
   837             2
   838             1
   839             2
   840             0
   841             2
   842             3
   843             2
   844             4
   845             1
   846             6
   847             4
   848             4
   849             3
   850             3
   851             1
   852             4
   853             1
   854             3
   855             2
   856             3
   857             3
   858             3
   859             8
   860             1
   861             6
   862             0
   863             2
   864             3
   865             0
   866             2
   867             3
   868             2
   869             6
   870             3
   871             2
   872             2
   873             0
   874             4
   875             4
   876             3
   877             4
   878             2
   879             1
   880             0
   881             3
   882             2
   883             1
   884             0
   885             0
   886             2
   887             5
   888             0
   889             2
   890             1
   891             3
   892             2
   893             1
   894             2
   895             3
   896             2
   897             6
   898             1
   899             3
   900             3
   901             3
   902             2
   903             2
   904             2
   905             3
   906             2
   907             2
   908             1
   909             5
   910             3
   911             4
   912             1
   913             3
   914             0
   915             0
   916             1
   917             2
   918             0
   919             3
   920             3
   921             2
   922             1
   923             4
   924             0
   925             2
   926             1
   927             1
   928             2
   929             2
   930             2
   931             2
   932             2
   933             2
   934             5
   935             4
   936             3
   937             1
   938             0
   939             3
   940             2
   941             1
   942             3
   943             3
   944             4
   945             2
   946             3
   947             2
   948             0
   949             0
   950             3
   951             2
   952             1
   953             2
   954             1
   955             2
   956             0
   957             3
   958             3
   959             1
   960             1
   961             3
   962             3
   963             0
   964             4
   965             1
   966             1
   967             2
   968             4
   969             0
   970             4
   971             0
   972             3
   973             1
   974             5
   975             5
   976             3
   977             1
   978             0
   979             2
   980             0
   981             0
   982             3
   983             2
   984             2
   985             2
   986             0
   987             1
   988             1
   989             1
   990             1
   991             6
   992             0
   993             2
   994             1
   995             2
   996             2
   997             2
   998             1
   999             1
  1000             2
  1001             0
  1002             3
  1003             1
  1004             4
  1005             0
  1006             0
  1007             4
  1008             2
  1009             0
  1010             2
  1011             2
  1012             1
  1013             3
  1014             5
  1015             1
  1016             1
  1017             0
  1018             1
  1019             0
  1020             3
  1021             0
  1022             0
  1023             1
  1024             1
  1025             1
  1026             2
  1027             1
  1028             1
  1029             3
  1030             2
  1031             3
  1032             0
  1033             2
  1034             4
  1035             2
  1036             3
  1037             4
  1038             1
  1039             4
  1040             0
  1041             1
  1042             1
  1043             1
  1044             3
  1045             3
  1046             3
  1047             1
  1048             0
  1049             2
  1050             1
  1051             2
  1052             0
  1053             2
  1054             2
  1055             2
  1056             1
  1057             0
  1058             1
  1059             1
  1060             2
  1061             3
  1062             0
  1063             1
  1064             0
  1065             1
  1066             3
  1067             1
  1068             1
  1069             3
  1070             1
  1071             2
  1072             2
  1073             5
  1074             0
  1075             1
  1076             1
  1077             2
  1078             2
  1079             2
  1080             0
  1081             2
  1082             0
  1083             0
  1084             1
  1085             0
  1086             1
  1087             1
  1088             2
  1089             2
  1090             1
  1091             0
  1092             2
  1093             4
  1094             1
  1095             1
  1096             2
  1097             1
  1098             1
  1099             0
  1100             3
  1101             2
  1102             3
  1103             4
  1104             2
  1105             2
  1106             2
  1107             4
  1108             2
  1109             2
  1110             0
  1111             2
  1112             2
  1113             1
  1114             0
  1115             3
  1116             0
  1117             1
  1118             2
  1119             1
  1120             2
  1121             2
  1122             3
  1123             2
  1124             2
  1125             3
  1126             0
  1127             2
  1128             1
  1129             1
  1130             0
  1131             1
  1132             2
  1133             2
  1134             2
  1135             0
  1136             1
  1137             2
  1138             1
  1139             0
  1140             6
  1141             1
  1142             0
  1143             3
  1144             4
  1145             2
  1146             1
  1147             1
  1148             0
  1149             1
  1150             2
  1151             2
  1152             2
  1153             1
  1154             3
  1155             3
  1156             3
  1157             4
  1158             1
  1159             2
  1160             1
  1161             3
  1162             1
  1163             4
  1164             1
  1165             0
  1166             1
  1167             1
  1168             2
  1169             1
  1170             1
  1171             2
  1172             1
  1173             0
  1174             3
  1175             0
  1176             2
  1177             1
  1178             3
  1179             0
  1180             1
  1181             1
  1182             0
  1183             2
  1184             1
  1185             1
  1186             1
  1187             2
  1188             1
  1189             1
  1190             2
  1191             0
  1192             1
  1193             1
  1194             3
  1195             2
  1196             4
  1197             1
  1198             2
  1199             1
  1200             1
  1201             0
  1202             1
  1203             1
  1204             4
  1205             1
  1206             1
  1207             0
  1208             2
  1209             1
  1210             4
  1211             1
  1212             0
  1213             0
  1214             2
  1215             1
  1216             0
  1217             0
  1218             3
  1219             1
  1220             1
  1221             2
  1222             3
  1223             1
  1224             0
  1225             0
  1226             3
  1227             1
  1228             1
  1229             0
  1230             3
  1231             0
  1232             0
  1233             2
  1234             2
  1235             0
  1236             1
  1237             0
  1238             2
  1239             2
  1240             0
  1241             4
  1242             1
  1243             1
  1244             1
  1245             3
  1246             4
  1247             0
  1248             3
  1249             0
  1250             1
  1251             1
  1252             1
  1253             0
  1254             1
  1255             4
  1256             1
  1257             1
  1258             2
  1259             2
  1260             0
  1261             5
  1262             1
  1263             1
  1264             1
  1265             3
  1266             0
  1267             0
  1268             0
  1269             4
  1270             1
  1271             3
  1272             5
  1273             2
  1274             1
  1275             1
  1276             2
  1277             1
  1278             1
  1279             1
  1280             0
  1281             3
  1282             1
  1283             2
  1284             2
  1285             2
  1286             1
  1287             0
  1288             3
  1289             5
  1290             2
  1291             0
  1292             1
  1293             2
  1294             1
  1295             2
  1296             0
  1297             0
  1298             6
  1299             2
  1300             2
  1301             1
  1302             0
  1303             1
  1304             2
  1305             1
  1306             1
  1307             2
  1308             2
  1309             1
  1310             1
  1311             2
  1312             1
  1313             1
  1314             1
  1315             3
  1316             0
  1317             1
  1318             1
  1319             1
  1320             0
  1321             0
  1322             0
  1323             2
  1324             1
  1325             1
  1326             1
  1327             0
  1328             2
  1329             2
  1330             4
  1331             1
  1332             2
  1333             3
  1334             1
  1335             3
  1336             1
  1337             2
  1338             0
  1339             2
  1340             2
  1341             2
  1342             0
  1343             0
  1344             1
  1345             1
  1346             0
  1347             2
  1348             1
  1349             1
  1350             1
  1351             1
  1352             1
  1353             1
  1354             4
  1355             0
  1356             1
  1357             2
  1358             0
  1359             2
  1360             2
  1361             0
  1362             0
  1363             1
  1364             1
  1365             2
  1366             1
  1367             3
  1368             0
  1369             3
  1370             2
  1371             3
  1372             0
  1373             3
  1374             1
  1375             4
  1376             1
  1377             2
  1378             1
  1379             1
  1380             4
  1381             1
  1382             2
  1383             2
  1384             0
  1385             1
  1386             0
  1387             0
  1388             0
  1389             4
  1390             3
  1391             1
  1392             1
  1393             0
  1394             1
  1395             1
  1396             3
  1397             1
  1398             0
  1399             0
  1400             1
  1401             0
  1402             0
  1403             4
  1404             1
  1405             0
  1406             0
  1407             0
  1408             3
  1409             0
  1410             2
  1411             0
  1412             2
  1413             0
  1414             1
  1415             1
  1416             1
  1417             2
  1418             0
  1419             0
  1420             3
  1421             1
  1422             1
  1423             2
  1424             0
  1425             1
  1426             1
  1427             3
  1428             3
  1429             3
  1430             2
  1431             1
  1432             3
  1433             1
  1434             0
  1435             3
  1436             1
  1437             0
  1438             0
  1439             4
  1440             0
  1441             3
  1442             1
  1443             0
  1444             3
  1445             2
  1446             1
  1447             4
  1448             1
  1449             0
  1450             2
  1451             2
  1452             1
  1453             1
  1454             0
  1455             0
  1456             1
  1457             1
  1458             2
  1459             0
  1460             1
  1461             3
  1462             0
  1463             2
  1464             4
  1465             4
  1466             2
  1467             0
  1468             1
  1469             1
  1470             0
  1471             1
  1472             0
  1473             1
  1474             0
  1475             3
  1476             0
  1477             3
  1478             0
  1479             1
  1480             2
  1481             2
  1482             1
  1483             1
  1484             1
  1485             1
  1486             0
  1487             1
  1488             0
  1489             3
  1490             1
  1491             0
  1492             2
  1493             3
  1494             2
  1495             0
  1496             0
  1497             0
  1498             0
  1499             1
  1500             1
  1501             0
  1502             0
  1503             0
  1504             1
  1505             1
  1506             1
  1507             2
  1508             1
  1509             1
  1510             0
  1511             1
  1512             3
  1513             2
  1514             2
  1515             1
  1516             1
  1517             0
  1518             0
  1519             0
  1520             2
  1521             0
  1522             1
  1523             0
  1524             0
  1525             0
  1526             1
  1527             0
  1528             0
  1529             2
  1530             1
  1531             1
  1532             0
  1533             2
  1534             1
  1535             1
  1536             2
  1537             0
  1538             2
  1539             1
  1540             1
  1541             1
  1542             1
  1543             2
  1544             2
  1545             3
  1546             1
  1547             1
  1548             2
  1549             1
  1550             3
  1551             3
  1552             0
  1553             2
  1554             1
  1555             0
  1556             2
  1557             0
  1558             0
  1559             0
  1560             1
  1561             3
  1562             1
  1563             0
  1564             0
  1565             0
  1566             0
  1567             4
  1568             0
  1569             2
  1570             0
  1571             0
  1572             0
  1573             3
  1574             1
  1575             2
  1576             1
  1577             1
  1578             0
  1579             1
  1580             1
  1581             2
  1582             0
  1583             1
  1584             1
  1585             2
  1586             0
  1587             1
  1588             1
  1589             0
  1590             1
  1591             3
  1592             0
  1593             0
  1594             0
  1595             1
  1596             0
  1597             1
  1598             1
  1599             0
  1600             2
  1601             1
  1602             2
  1603             3
  1604             0
  1605             0
  1606             1
  1607             1
  1608             1
  1609             1
  1610             1
  1611             2
  1612             0
  1613             0
  1614             1
  1615             1
  1616             0
  1617             1
  1618             0
  1619             2
  1620             1
  1621             0
  1622             1
  1623             2
  1624             3
  1625             1
  1626             3
  1627             1
  1628             2
  1629             1
  1630             0
  1631             2
  1632             2
  1633             0
  1634             0
  1635             1
  1636             1
  1637             2
  1638             1
  1639             2
  1640             1
  1641             0
  1642             0
  1643             1
  1644             2
  1645             0
  1646             0
  1647             0
  1648             2
  1649             2
  1650             0
  1651             0
  1652             0
  1653             1
  1654             1
  1655             1
  1656             1
  1657             2
  1658             3
  1659             1
  1660             1
  1661             4
  1662             0
  1663             1
  1664             2
  1665             0
  1666             0
  1667             0
  1668             1
  1669             0
  1670             1
  1671             1
  1672             0
  1673             0
  1674             1
  1675             0
  1676             0
  1677             0
  1678             5
  1679             0
  1680             0
  1681             1
  1682             2
  1683             2
  1684             0
  1685             0
  1686             1
  1687             0
  1688             0
  1689             0
  1690             2
  1691             0
  1692             1
  1693             2
  1694             1
  1695             1
  1696             2
  1697             0
  1698             0
  1699             1
  1700             0
  1701             1
  1702             2
  1703             0
  1704             1
  1705             1
  1706             1
  1707             1
  1708             0
  1709             2
  1710             1
  1711             1
  1712             2
  1713             1
  1714             1
  1715             0
  1716             1
  1717             2
  1718             2
  1719             1
  1720             1
  1721             3
  1722             0
  1723             0
  1724             1
  1725             0
  1726             2
  1727             2
  1728             0
  1729             1
  1730             3
  1731             0
  1732             1
  1733             0
  1734             1
  1735             0
  1736             0
  1737             1
  1738             0
  1739             0
  1740             0
  1741             2
  1742             0
  1743             0
  1744             5
  1745             0
  1746             0
  1747             1
  1748             1
  1749             2
  1750             3
  1751             0
  1752             1
  1753             1
  1754             0
  1755             3
  1756             1
  1757             1
  1758             0
  1759             1
  1760             1
  1761             4
  1762             1
  1763             2
  1764             0
  1765             2
  1766             1
  1767             0
  1768             1
  1769             0
  1770             0
  1771             1
  1772             0
  1773             1
  1774             0
  1775             2
  1776             2
  1777             0
  1778             1
  1779             0
  1780             0
  1781             1
  1782             1
  1783             1
  1784             1
  1785             3
  1786             1
  1787             1
  1788             0
  1789             0
  1790             2
  1791             0
  1792             0
  1793             0
  1794             0
  1795             1
  1796             2
  1797             2
  1798             3
  1799             0
  1800             2
  1801             1
  1802             1
  1803             0
  1804             0
  1805             0
  1806             1
  1807             0
  1808             4
  1809             0
  1810             0
  1811             0
  1812             0
  1813             0
  1814             0
  1815             1
  1816             2
  1817             0
  1818             0
  1819             0
  1820             2
  1821             0
  1822             1
  1823             0
  1824             0
  1825             0
  1826             1
  1827             3
  1828             1
  1829             0
  1830             0
  1831             0
  1832             1
  1833             0
  1834             0
  1835             1
  1836             1
  1837             0
  1838             0
  1839             1
  1840             0
  1841             1
  1842             1
  1843             2
  1844             0
  1845             0
  1846             0
  1847             0
  1848             1
  1849             2
  1850             2
  1851             0
  1852             0
  1853             2
  1854             1
  1855             3
  1856             3
  1857             1
  1858             1
  1859             2
  1860             0
  1861             0
  1862             1
  1863             0
  1864             0
  1865             0
  1866             0
  1867             2
  1868             0
  1869             0
  1870             1
  1871             1
  1872             0
  1873             2
  1874             2
  1875             0
  1876             1
  1877             0
  1878             0
  1879             0
  1880             0
  1881             1
  1882             0
  1883             0
  1884             0
  1885             0
  1886             1
  1887             1
  1888             0
  1889             1
  1890             1
  1891             3
  1892             0
  1893             1
  1894             2
  1895             0
  1896             0
  1897             0
  1898             0
  1899             0
  1900             0
  1901             1
  1902             1
  1903             0
  1904             1
  1905             0
  1906             0
  1907             0
  1908             0
  1909             2
  1910             0
  1911             0
  1912             0
  1913             0
  1914             0
  1915             1
  1916             2
  1917             0
  1918             0
  1919             0
  1920             0
  1921             2
  1922             0
  1923             1
  1924             2
  1925             2
  1926             0
  1927             1
  1928             2
  1929             0
  1930             0
  1931             0
  1932             0
  1933             0
  1934             1
  1935             0
  1936             0
  1937             0
  1938             0
  1939             0
  1940             1
  1941             1
  1942             1
  1943             0
  1944             1
  1945             0
  1946             0
  1947             1
  1948             0
  1949             1
  1950             1
  1951             0
  1952             1
  1953             2
  1954             1
  1955             0
  1956             0
  1957             1
  1958             0
  1959             2
  1960             2
  1961             0
  1962             0
  1963             0
  1964             0
  1965             0
  1966             2
  1967             0
  1968             0
  1969             1
  1970             0
  1971             1
  1972             1
  1973             1
  1974             2
  1975             2
  1976             0
  1977             1
  1978             1
  1979             0
  1980             0
  1981             1
  1982             2
  1983             1
  1984             0
  1985             0
  1986             0
  1987             0
  1988             0
  1989             1
  1990             1
  1991             1
  1992             0
  1993             0
  1994             0
  1995             1
  1996             1
  1997             0
  1998             1
  1999             0
  2000             0
  2001             0
  2002             1
  2003             0
  2004             1
  2005             0
  2006             0
  2007             2
  2008             1
  2009             0
  2010             1
  2011             0
  2012             2
  2013             0
  2014             0
  2015             0
  2016             0
  2017             0
  2018             0
  2019             0
  2020             2
  2021             1
  2022             1
  2023             0
  2024             1
  2025             1
  2026             0
  2027             1
  2028             0
  2029             0
  2030             1
  2031             0
  2032             2
  2033             1
  2034             1
  2035             1
  2036             0
  2037             0
  2038             1
  2039             1
  2040             0
  2041             0
  2042             1
  2043             0
  2044             0
  2045             0
  2046             0
  2047             0
  2048             0
  2049             0
  2050             1
  2051             0
  2052             0
  2053             0
  2054             0
  2055             1
  2056             2
  2057             0
  2058             1
  2059             0
  2060             0
  2061             1
  2062             2
  2063             2
  2064             0
  2065             0
  2066             1
  2067             1
  2068             0
  2069             0
  2070             0
  2071             0
  2072             2
  2073             0
  2074             0
  2075             1
  2076             0
  2077             0
  2078             0
  2079             0
  2080             2
  2081             0
  2082             0
  2083             0
  2084             0
  2085             0
  2086             0
  2087             0
  2088             0
  2089             0
  2090             1
  2091             2
  2092             0
  2093             1
  2094             4
  2095             0
  2096             1
  2097             1
  2098             0
  2099             0
  2100             0
  2101             0
  2102             0
  2103             0
  2104             1
  2105             0
  2106             0
  2107             2
  2108             1
  2109             0
  2110             0
  2111             0
  2112             0
  2113             0
  2114             0
  2115             0
  2116             0
  2117             2
  2118             0
  2119             0
  2120             0
  2121             0
  2122             1
  2123             0
  2124             0
  2125             0
  2126             0
  2127             1
  2128             0
  2129             0
  2130             0
  2131             0
  2132             1
  2133             0
  2134             0
  2135             2
  2136             0
  2137             3
  2138             0
  2139             1
  2140             0
  2141             1
  2142             0
  2143             0
  2144             0
  2145             0
  2146             1
  2147             0
  2148             0
  2149             0
  2150             0
  2151             0
  2152             0
  2153             0
  2154             1
  2155             0
  2156             1
  2157             0
  2158             2
  2159             1
  2160             0
  2161             2
  2162             0
  2163             1
  2164             1
  2165             1
  2166             1
  2167             3
  2168             0
  2169             0
  2170             0
  2171             0
  2172             0
  2173             0
  2174             1
  2175             0
  2176             2
  2177             0
  2178             2
  2179             0
  2180             1
  2181             0
  2182             0
  2183             1
  2184             0
  2185             0
  2186             0
  2187             0
  2188             0
  2189             0
  2190             3
  2191             1
  2192             0
  2193             1
  2194             0
  2195             1
  2196             0
  2197             0
  2198             1
  2199             1
  2200             0
  2201             0
  2202             0
  2203             0
  2204             0
  2205             2
  2206             0
  2207             0
  2208             0
  2209             1
  2210             0
  2211             1
  2212             0
  2213             0
  2214             0
  2215             0
  2216             0
  2217             0
  2218             0
  2219             1
  2220             0
  2221             0
  2222             0
  2223             1
  2224             2
  2225             1
  2226             4
  2227             0
  2228             0
  2229             0
  2230             0
  2231             0
  2232             1
  2233             1
  2234             0
  2235             0
  2236             0
  2237             0
  2238             0
  2239             0
  2240             0
  2241             0
  2242             0
  2243             1
  2244             0
  2245             0
  2246             0
  2247             1
  2248             0
  2249             0
  2250             0
  2251             0
  2252             0
  2253             0
  2254             0
  2255             0
  2256             1
  2257             0
  2258             0
  2259             2
  2260             0
  2261             0
  2262             1
  2263             0
  2264             0
  2265             0
  2266             0
  2267             0
  2268             1
  2269             0
  2270             1
  2271             1
  2272             1
  2273             0
  2274             0
  2275             0
  2276             0
  2277             2
  2278             1
  2279             1
  2280             0
  2281             0
  2282             0
  2283             2
  2284             0
  2285             0
  2286             0
  2287             1
  2288             0
  2289             1
  2290             1
  2291             0
  2292             0
  2293             0
  2294             0
  2295             0
  2296             0
  2297             0
  2298             0
  2299             0
  2300             1
  2301             0
  2302             0
  2303             0
  2304             2
  2305             0
  2306             1
  2307             0
  2308             0
  2309             1
  2310             0
  2311             0
  2312             0
  2313             1
  2314             0
  2315             1
  2316             0
  2317             0
  2318             0
  2319             1
  2320             0
  2321             0
  2322             0
  2323             0
  2324             0
  2325             1
  2326             0
  2327             0
  2328             0
  2329             0
  2330             2
  2331             0
  2332             0
  2333             0
  2334             0
  2335             0
  2336             0
  2337             2
  2338             0
  2339             0
  2340             2
  2341             0
  2342             0
  2343             0
  2344             2
  2345             0
  2346             0
  2347             0
  2348             0
  2349             0
  2350             1
  2351             0
  2352             0
  2353             0
  2354             0
  2355             1
  2356             1
  2357             0
  2358             1
  2359             0
  2360             0
  2361             0
  2362             1
  2363             0
  2364             0
  2365             0
  2366             1
  2367             0
  2368             0
  2369             0
  2370             1
  2371             0
  2372             0
  2373             0
  2374             0
  2375             0
  2376             0
  2377             0
  2378             0
  2379             0
  2380             0
  2381             1
  2382             0
  2383             0
  2384             0
  2385             0
  2386             0
  2387             0
  2388             1
  2389             1
  2390             0
  2391             0
  2392             0
  2393             1
  2394             0
  2395             0
  2396             0
  2397             0
  2398             0
  2399             0
  2400             1
  2401             0
  2402             0
  2403             0
  2404             0
  2405             0
  2406             1
  2407             0
  2408             0
  2409             0
  2410             2
  2411             1
  2412             0
  2413             0
  2414             0
  2415             0
  2416             0
  2417             0
  2418             0
  2419             0
  2420             0
  2421             2
  2422             0
  2423             0
  2424             1
  2425             0
  2426             0
  2427             0
  2428             0
  2429             0
  2430             1
  2431             0
  2432             0
  2433             0
  2434             0
  2435             0
  2436             1
  2437             0
  2438             0
  2439             1
  2440             1
  2441             0
  2442             0
  2443             1
  2444             1
  2445             0
  2446             1
  2447             0
  2448             0
  2449             0
  2450             0
  2451             0
  2452             0
  2453             0
  2454             0
  2455             0
  2456             1
  2457             0
  2458             0
  2459             1
  2460             0
  2461             0
  2462             2
  2463             0
  2464             0
  2465             0
  2466             0
  2467             0
  2468             0
  2469             0
  2470             1
  2471             0
  2472             0
  2473             0
  2474             0
  2475             0
  2476             0
  2477             0
  2478             0
  2479             0
  2480             1
  2481             0
  2482             0
  2483             1
  2484             1
  2485             1
  2486             0
  2487             0
  2488             0
  2489             0
  2490             0
  2491             0
  2492             0
  2493             0
  2494             0
  2495             0
  2496             0
  2497             0
  2498             0
  2499             0
  2500             0
  2501             2
  2502             2
  2503             1
  2504             0
  2505             0
  2506             1
  2507             0
  2508             0
  2509             0
  2510             0
  2511             1
  2512             0
  2513             0
  2514             1
  2515             0
  2516             0
  2517             4
  2518             0
  2519             0
  2520             1
  2521             0
  2522             0
  2523             1
  2524             0
  2525             1
  2526             0
  2527             0
  2528             1
  2529             0
  2530             0
  2531             0
  2532             1
  2533             0
  2534             0
  2535             0
  2536             0
  2537             1
  2538             0
  2539             0
  2540             0
  2541             0
  2542             1
  2543             1
  2544             0
  2545             0
  2546             1
  2547             1
  2548             0
  2549             0
  2550             0
  2551             0
  2552             2
  2553             0
  2554             0
  2555             0
  2556             0
  2557             0
  2558             1
  2559             0
  2560             0
  2561             0
  2562             0
  2563             0
  2564             2
  2565             0
  2566             0
  2567             0
  2568             0
  2569             1
  2570             0
  2571             0
  2572             1
  2573             0
  2574             0
  2575             0
  2576             1
  2577             0
  2578             0
  2579             0
  2580             0
  2581             0
  2582             1
  2583             2
  2584             1
  2585             0
  2586             0
  2587             0
  2588             0
  2589             1
  2590             1
  2591             1
  2592             0
  2593             0
  2594             0
  2595             1
  2596             0
  2597             0
  2598             1
  2599             1
  2600             0
  2601             0
  2602             0
  2603             2
  2604             0
  2605             0
  2606             1
  2607             1
  2608             0
  2609             0
  2610             0
  2611             0
  2612             1
  2613             1
  2614             0
  2615             0
  2616             0
  2617             0
  2618             0
  2619             1
  2620             0
  2621             0
  2622             0
  2623             0
  2624             0
  2625             1
  2626             0
  2627             0
  2628             0
  2629             0
  2630             0
  2631             0
  2632             1
  2633             0
  2634             3
  2635             0
  2636             0
  2637             0
  2638             0
  2639             0
  2640             0
  2641             0
  2642             0
  2643             0
  2644             1
  2645             0
  2646             0
  2647             0
  2648             0
  2649             0
  2650             0
  2651             0
  2652             0
  2653             0
  2654             1
  2655             0
  2656             0
  2657             0
  2658             0
  2659             0
  2660             0
  2661             0
  2662             1
  2663             0
  2664             0
  2665             0
  2666             1
  2667             1
  2668             0
  2669             0
  2670             1
  2671             0
  2672             1
  2673             0
  2674             1
  2675             0
  2676             1
  2677             0
  2678             0
  2679             0
  2680             0
  2681             0
  2682             0
  2683             0
  2684             0
  2685             1
  2686             0
  2687             1
  2688             0
  2689             1
  2690             1
  2691             0
  2692             0
  2693             0
  2694             0
  2695             0
  2696             1
  2697             1
  2698             0
  2699             0
  2700             0
  2701             1
  2702             0
  2703             0
  2704             0
  2705             0
  2706             0
  2707             1
  2708             0
  2709             0
  2710             0
  2711             0
  2712             0
  2713             0
  2714             0
  2715             0
  2716             0
  2717             1
  2718             0
  2719             0
  2720             0
  2721             1
  2722             0
  2723             0
  2724             0
  2725             1
  2726             0
  2727             1
  2728             0
  2729             0
  2730             0
  2731             0
  2732             0
  2733             0
  2734             0
  2735             0
  2736             1
  2737             0
  2738             0
  2739             0
  2740             0
  2741             0
  2742             0
  2743             0
  2744             1
  2745             0
  2746             0
  2747             1
  2748             0
  2749             0
  2750             0
  2751             0
  2752             0
  2753             0
  2754             0
  2755             0
  2756             0
  2757             0
  2758             0
  2759             0
  2760             0
  2761             0
  2762             0
  2763             0
  2764             0
  2765             0
  2766             0
  2767             1
  2768             0
  2769             0
  2770             0
  2771             0
  2772             0
  2773             0
  2774             1
  2775             0
  2776             0
  2777             1
  2778             0
  2779             1
  2780             0
  2781             0
  2782             0
  2783             0
  2784             1
  2785             0
  2786             0
  2787             0
  2788             0
  2789             0
  2790             0
  2791             1
  2792             1
  2793             1
  2794             0
  2795             0
  2796             1
  2797             0
  2798             0
  2799             0
  2800             0
  2801             0
  2802             0
  2803             0
  2804             0
  2805             0
  2806             0
  2807             0
  2808             0
  2809             0
  2810             0
  2811             0
  2812             0
  2813             0
  2814             0
  2815             0
  2816             0
  2817             0
  2818             0
  2819             0
  2820             0
  2821             0
  2822             0
  2823             0
  2824             1
  2825             1
  2826             0
  2827             0
  2828             0
  2829             0
  2830             0
  2831             0
  2832             0
  2833             1
  2834             0
  2835             0
  2836             0
  2837             0
  2838             0
  2839             0
  2840             0
  2841             0
  2842             0
  2843             0
  2844             0
  2845             0
  2846             0
  2847             0
  2848             0
  2849             0
  2850             0
  2851             0
  2852             1
  2853             0
  2854             0
  2855             0
  2856             0
  2857             0
  2858             0
  2859             0
  2860             0
  2861             0
  2862             0
  2863             0
  2864             0
  2865             0
  2866             0
  2867             0
  2868             1
  2869             1
  2870             0
  2871             1
  2872             0
  2873             0
  2874             0
  2875             1
  2876             0
  2877             0
  2878             1
  2879             0
  2880             1
  2881             0
  2882             0
  2883             0
  2884             1
  2885             0
  2886             0
  2887             0
  2888             0
  2889             0
  2890             0
  2891             0
  2892             1
  2893             1
  2894             0
  2895             1
  2896             0
  2897             0
  2898             0
  2899             0
  2900             0
  2901             0
  2902             0
  2903             0
  2904             1
  2905             0
  2906             0
  2907             0
  2908             0
  2909             0
  2910             0
  2911             0
  2912             0
  2913             0
  2914             0
  2915             0
  2916             0
  2917             0
  2918             1
  2919             0
  2920             0
  2921             0
  2922             0
  2923             0
  2924             0
  2925             0
  2926             0
  2927             0
  2928             0
  2929             0
  2930             0
  2931             0
  2932             0
  2933             0
  2934             0
  2935             1
  2936             0
  2937             0
  2938             0
  2939             0
  2940             0
  2941             0
  2942             0
  2943             0
  2944             0
  2945             0
  2946             0
  2947             0
  2948             0
  2949             0
  2950             0
  2951             0
  2952             1
  2953             0
  2954             0
  2955             0
  2956             1
  2957             1
  2958             0
  2959             0
  2960             0
  2961             0
  2962             1
  2963             0
  2964             0
  2965             1
  2966             0
  2967             1
  2968             0
  2969             0
  2970             1
  2971             2
  2972             0
  2973             1
  2974             0
  2975             0
  2976             0
  2977             0
  2978             0
  2979             1
  2980             0
  2981             1
  2982             1
  2983             1
  2984             0
  2985             0
  2986             0
  2987             1
  2988             1
  2989             0
  2990             1
  2991             0
  2992             1
  2993             0
  2994             1
  2995             0
  2996             1
  2997             0
  2998             0
  2999             1
  3000             0
  3001             2
  3002             0
  3003             0
  3004             0
  3005             1
  3006             0
  3007             0
  3008             0
  3009             0
  3010             1
  3011             1
  3012             0
  3013             1
  3014             0
  3015             0
  3016             1
  3017             0
  3018             0
  3019             0
  3020             0
  3021             0
  3022             0
  3023             0
  3024             0
  3025             0
  3026             2
  3027             0
  3028             0
  3029             0
  3030             0
  3031             0
  3032             0
  3033             0
  3034             0
  3035             0
  3036             1
  3037             0
  3038             0
  3039             0
  3040             0
  3041             0
  3042             1
  3043             0
  3044             0
  3045             0
  3046             0
  3047             0
  3048             0
  3049             0
  3050             1
  3051             0
  3052             0
  3053             0
  3054             0
  3055             0
  3056             1
  3057             0
  3058             2
  3059             0
  3060             0
  3061             1
  3062             1
  3063             0
  3064             0
  3065             0
  3066             0
  3067             0
  3068             0
  3069             0
  3070             0
  3071             0
  3072             0
  3073             1
  3074             0
  3075             0
  3076             0
  3077             0
  3078             1
  3079             0
  3080             0
  3081             0
  3082             0
  3083             0
  3084             0
  3085             0
  3086             0
  3087             0
  3088             0
  3089             0
  3090             0
  3091             1
  3092             0
  3093             0
  3094             0
  3095             0
  3096             0
  3097             0
  3098             0
  3099             0
  3100             1
  3101             1
  3102             0
  3103             1
  3104             0
  3105             0
  3106             0
  3107             0
  3108             0
  3109             0
  3110             1
  3111             0
  3112             0
  3113             0
  3114             0
  3115             0
  3116             0
  3117             0
  3118             0
  3119             0
  3120             0
  3121             0
  3122             0
  3123             0
  3124             0
  3125             0
  3126             0
  3127             0
  3128             1
  3129             0
  3130             0
  3131             0
  3132             0
  3133             0
  3134             1
  3135             0
  3136             0
  3137             0
  3138             1
  3139             0
  3140             0
  3141             0
  3142             0
  3143             0
  3144             0
  3145             0
  3146             0
  3147             0
  3148             0
  3149             0
  3150             0
  3151             0
  3152             0
  3153             0
  3154             0
  3155             1
  3156             0
  3157             0
  3158             0
  3159             0
  3160             0
  3161             0
  3162             0
  3163             1
  3164             0
  3165             0
  3166             0
  3167             0
  3168             0
  3169             0
  3170             0
  3171             0
  3172             1
  3173             0
  3174             0
  3175             0
  3176             0
  3177             0
  3178             0
  3179             0
  3180             1
  3181             0
  3182             0
  3183             0
  3184             0
  3185             0
  3186             0
  3187             0
  3188             0
  3189             0
  3190             0
  3191             1
  3192             0
  3193             0
  3194             0
  3195             0
  3196             1
  3197             0
  3198             0
  3199             0
  3200             0
  3201             0
  3202             0
  3203             0
  3204             0
  3205             0
  3206             0
  3207             0
  3208             0
  3209             0
  3210             1
  3211             1
  3212             0
  3213             1
  3214             1
  3215             0
  3216             0
  3217             0
  3218             0
  3219             1
  3220             0
  3221             0
  3222             0
  3223             0
  3224             0
  3225             0
  3226             0
  3227             0
  3228             0
  3229             0
  3230             0
  3231             0
  3232             0
  3233             0
  3234             0
  3235             0
  3236             0
  3237             0
  3238             0
  3239             0
  3240             1
  3241             0
  3242             0
  3243             0
  3244             0
  3245             0
  3246             1
  3247             0
  3248             0
  3249             0
  3250             0
  3251             0
  3252             0
  3253             0
  3254             0
  3255             0
  3256             0
  3257             0
  3258             0
  3259             0
  3260             0
  3261             0
  3262             0
  3263             0
  3264             0
  3265             0
  3266             0
  3267             0
  3268             0
  3269             0
  3270             0
  3271             0
  3272             0
  3273             0
  3274             0
  3275             0
  3276             0
  3277             0
  3278             1
  3279             0
  3280             0
  3281             0
  3282             0
  3283             0
  3284             0
  3285             0
  3286             0
  3287             0
  3288             0
  3289             0
  3290             0
  3291             0
  3292             0
  3293             0
  3294             0
  3295             0
  3296             0
  3297             0
  3298             0
  3299             0
  3300             1
  3301             0
  3302             0
  3303             0
  3304             0
  3305             1
  3306             0
  3307             0
  3308             0
  3309             0
  3310             0
  3311             0
  3312             0
  3313             1
  3314             0
  3315             0
  3316             0
  3317             0
  3318             0
  3319             2
  3320             0
  3321             0
  3322             0
  3323             0
  3324             0
  3325             0
  3326             0
  3327             0
  3328             0
  3329             0
  3330             1
  3331             0
  3332             0
  3333             0
  3334             0
  3335             1
  3336             0
  3337             0
  3338             0
  3339             0
  3340             0
  3341             0
  3342             0
  3343             0
  3344             0
  3345             0
  3346             0
  3347             0
  3348             0
  3349             0
  3350             0
  3351             0
  3352             0
  3353             0
  3354             0
  3355             0
  3356             0
  3357             0
  3358             0
  3359             0
  3360             2
  3361             0
  3362             0
  3363             0
  3364             0
  3365             0
  3366             0
  3367             0
  3368             1
  3369             0
  3370             0
  3371             0
  3372             0
  3373             0
  3374             1
  3375             0
  3376             0
  3377             1
  3378             0
  3379             0
  3380             0
  3381             1
  3382             0
  3383             0
  3384             0
  3385             0
  3386             0
  3387             0
  3388             0
  3389             0
  3390             1
  3391             0
  3392             0
  3393             0
  3394             0
  3395             0
  3396             0
  3397             0
  3398             0
  3399             0
  3400             0
  3401             0
  3402             1
  3403             0
  3404             1
  3405             0
  3406             0
  3407             0
  3408             0
  3409             0
  3410             1
  3411             0
  3412             0
  3413             0
  3414             1
  3415             0
  3416             0
  3417             0
  3418             0
  3419             0
  3420             0
  3421             0
  3422             0
  3423             0
  3424             0
  3425             0
  3426             0
  3427             0
  3428             0
  3429             0
  3430             0
  3431             0
  3432             0
  3433             0
  3434             0
  3435             0
  3436             0
  3437             0
  3438             0
  3439             1
  3440             0
  3441             0
  3442             0
  3443             0
  3444             0
  3445             1
  3446             0
  3447             0
  3448             0
  3449             0
  3450             0
  3451             0
  3452             0
  3453             0
  3454             0
  3455             0
  3456             0
  3457             0
  3458             0
  3459             0
  3460             0
  3461             0
  3462             0
  3463             0
  3464             0
  3465             0
  3466             0
  3467             0
  3468             0
  3469             0
  3470             0
  3471             0
  3472             0
  3473             0
  3474             0
  3475             1
  3476             0
  3477             0
  3478             1
  3479             0
  3480             0
  3481             0
  3482             0
  3483             0
  3484             0
  3485             0
  3486             0
  3487             0
  3488             0
  3489             0
  3490             0
  3491             0
  3492             0
  3493             0
  3494             1
  3495             0
  3496             0
  3497             1
  3498             0
  3499             0
  3500             0
  3501             1
  3502             0
  3503             0
  3504             0
  3505             0
  3506             0
  3507             0
  3508             0
  3509             0
  3510             0
  3511             0
  3512             0
  3513             0
  3514             0
  3515             0
  3516             0
  3517             0
  3518             0
  3519             0
  3520             0
  3521             0
  3522             0
  3523             0
  3524             0
  3525             0
  3526             0
  3527             0
  3528             0
  3529             1
  3530             1
  3531             0
  3532             0
  3533             0
  3534             0
  3535             0
  3536             0
  3537             1
  3538             0
  3539             0
  3540             0
  3541             1
  3542             0
  3543             0
  3544             0
  3545             0
  3546             0
  3547             0
  3548             0
  3549             0
  3550             0
  3551             0
  3552             0
  3553             0
  3554             1
  3555             0
  3556             0
  3557             0
  3558             0
  3559             0
  3560             0
  3561             0
  3562             0
  3563             0
  3564             0
  3565             0
  3566             0
  3567             1
  3568             1
  3569             1
  3570             1
  3571             0
  3572             1
  3573             0
  3574             0
  3575             0
  3576             0
  3577             1
  3578             0
  3579             0
  3580             0
  3581             0
  3582             0
  3583             0
  3584             0
  3585             0
  3586             0
  3587             1
  3588             0
  3589             0
  3590             0
  3591             0
  3592             0
  3593             0
  3594             0
  3595             0
  3596             0
  3597             0
  3598             1
  3599             0
  3600             0
  3601             0
  3602             0
  3603             0
  3604             0
  3605             1
  3606             0
  3607             0
  3608             0
  3609             1
  3610             0
  3611             0
  3612             0
  3613             0
  3614             0
  3615             0
  3616             0
  3617             0
  3618             0
  3619             0
  3620             0
  3621             0
  3622             0
  3623             1
  3624             1
  3625             0
  3626             0
  3627             1
  3628             0
  3629             1
  3630             0
  3631             0
  3632             1
  3633             0
  3634             0
  3635             0
  3636             0
  3637             0
  3638             0
  3639             1
  3640             0
  3641             1
  3642             0
  3643             0
  3644             0
  3645             0
  3646             0
  3647             0
  3648             0
  3649             0
  3650             0
  3651             0
  3652             0
  3653             0
  3654             0
  3655             0
  3656             0
  3657             0
  3658             0
  3659             0
  3660             0
  3661             0
  3662             0
  3663             1
  3664             0
  3665             0
  3666             0
  3667             0
  3668             0
  3669             0
  3670             0
  3671             0
  3672             0
  3673             1
  3674             0
  3675             0
  3676             0
  3677             0
  3678             0
  3679             0
  3680             0
  3681             0
  3682             0
  3683             0
  3684             0
  3685             0
  3686             0
  3687             0
  3688             0
  3689             0
  3690             0
  3691             0
  3692             0
  3693             0
  3694             0
  3695             0
  3696             0
  3697             0
  3698             0
  3699             0
  3700             0
  3701             0
  3702             1
  3703             0
  3704             0
  3705             0
  3706             0
  3707             0
  3708             0
  3709             0
  3710             0
  3711             0
  3712             0
  3713             0
  3714             0
  3715             0
  3716             0
  3717             0
  3718             0
  3719             0
  3720             0
  3721             0
  3722             0
  3723             0
  3724             0
  3725             1
  3726             1
  3727             0
  3728             0
  3729             0
  3730             0
  3731             0
  3732             0
  3733             0
  3734             0
  3735             0
  3736             1
  3737             0
  3738             0
  3739             0
  3740             0
  3741             0
  3742             0
  3743             0
  3744             1
  3745             0
  3746             0
  3747             0
  3748             0
  3749             0
  3750             0
  3751             0
  3752             0
  3753             0
  3754             0
  3755             0
  3756             0
  3757             0
  3758             0
  3759             0
  3760             0
  3761             0
  3762             0
  3763             0
  3764             0
  3765             0
  3766             0
  3767             0
  3768             1
  3769             0
  3770             0
  3771             1
  3772             0
  3773             0
  3774             0
  3775             0
  3776             0
  3777             0
  3778             0
  3779             0
  3780             0
  3781             1
  3782             1
  3783             0
  3784             0
  3785             0
  3786             0
  3787             0
  3788             0
  3789             0
  3790             0
  3791             0
  3792             0
  3793             0
  3794             0
  3795             0
  3796             0
  3797             0
  3798             0
  3799             0
  3800             0
  3801             0
  3802             1
  3803             0
  3804             0
  3805             0
  3806             0
  3807             0
  3808             0
  3809             0
  3810             0
  3811             0
  3812             0
  3813             0
  3814             0
  3815             0
  3816             0
  3817             0
  3818             0
  3819             0
  3820             0
  3821             1
  3822             0
  3823             0
  3824             0
  3825             0
  3826             0
  3827             0
  3828             0
  3829             0
  3830             0
  3831             0
  3832             0
  3833             0
  3834             0
  3835             0
  3836             1
  3837             0
  3838             0
  3839             0
  3840             0
  3841             0
  3842             0
  3843             0
  3844             0
  3845             0
  3846             0
  3847             0
  3848             0
  3849             0
  3850             0
  3851             0
  3852             0
  3853             0
  3854             0
  3855             0
  3856             0
  3857             0
  3858             0
  3859             0
  3860             0
  3861             0
  3862             0
  3863             0
  3864             0
  3865             0
  3866             0
  3867             0
  3868             0
  3869             0
  3870             0
  3871             0
  3872             0
  3873             0
  3874             0
  3875             0
  3876             0
  3877             0
  3878             0
  3879             0
  3880             0
  3881             0
  3882             0
  3883             0
  3884             0
  3885             0
  3886             0
  3887             0
  3888             0
  3889             0
  3890             0
  3891             0
  3892             0
  3893             0
  3894             0
  3895             0
  3896             0
  3897             0
  3898             0
  3899             0
  3900             0
  3901             0
  3902             0
  3903             0
  3904             0
  3905             0
  3906             0
  3907             0
  3908             0
  3909             0
  3910             0
  3911             0
  3912             0
  3913             0
  3914             0
  3915             0
  3916             0
  3917             0
  3918             1
  3919             0
  3920             0
  3921             0
  3922             0
  3923             0
  3924             0
  3925             0
  3926             0
  3927             0
  3928             0
  3929             1
  3930             1
  3931             0
  3932             0
  3933             0
  3934             0
  3935             0
  3936             0
  3937             0
  3938             0
  3939             0
  3940             0
  3941             1
  3942             0
  3943             0
  3944             0
  3945             0
  3946             0
  3947             0
  3948             0
  3949             0
  3950             0
  3951             1
  3952             0
  3953             0
  3954             0
  3955             0
  3956             0
  3957             0
  3958             0
  3959             0
  3960             0
  3961             0
  3962             0
  3963             0
  3964             0
  3965             0
  3966             0
  3967             0
  3968             0
  3969             0
  3970             0
  3971             0
  3972             0
  3973             0
  3974             0
  3975             0
  3976             0
  3977             0
  3978             0
  3979             0
  3980             0
  3981             0
  3982             0
  3983             0
  3984             0
  3985             0
  3986             0
  3987             0
  3988             0
  3989             0
  3990             0
  3991             0
  3992             0
  3993             0
  3994             0
  3995             0
  3996             0
  3997             1
  3998             0
  3999             0
  4000             0
  4001             0
  4002             0
  4003             0
  4004             0
  4005             0
  4006             0
  4007             0
  4008             0
  4009             0
  4010             0
  4011             0
  4012             0
  4013             0
  4014             0
  4015             0
  4016             0
  4017             0
  4018             0
  4019             0
  4020             1
  4021             1
  4022             0
  4023             0
  4024             0
  4025             0
  4026             0
  4027             0
  4028             0
  4029             1
  4030             0
  4031             0
  4032             0
  4033             0
  4034             0
  4035             0
  4036             0
  4037             0
  4038             0
  4039             0
  4040             0
  4041             0
  4042             0
  4043             0
  4044             0
  4045             0
  4046             0
  4047             0
  4048             0
  4049             0
  4050             0
  4051             0
  4052             0
  4053             0
  4054             0
  4055             1
  4056             0
  4057             1
  4058             0
  4059             0
  4060             0
  4061             0
  4062             0
  4063             0
  4064             0
  4065             0
  4066             1
  4067             0
  4068             0
  4069             0
  4070             0
  4071             0
  4072             0
  4073             0
  4074             0
  4075             0
  4076             0
  4077             1
  4078             0
  4079             0
  4080             0
  4081             0
  4082             0
  4083             0
  4084             0
  4085             0
  4086             0
  4087             0
  4088             0
  4089             0
  4090             0
  4091             0
  4092             1
  4093             0
  4094             0
  4095             0
