     0             0
     1             0
     2             0
     3             0
     4             0
     5             0
     6             0
     7             0
     8             0
     9             0
    10             0
    11             0
    12             0
    13             0
    14             0
    15             0
    16             0
    17             0
    18             0
    19             0
    20             0
    21             0
    22             0
    23             0
    24             0
    25             0
    26             0
    27             0
    28             0
    29             0
    30             0
    31             0
    32             0
    33             0
    34             0
    35             0
    36             0
    37             0
    38             0
    39             0
    40             0
    41             0
    42             0
    43             0
    44             0
    45             0
    46             0
    47             0
    48             0
    49             0
    50             0
    51             0
    52             0
    53             0
    54             0
    55             0
    56             0
    57             0
    58             0
    59             0
    60             0
    61             0
    62             0
    63             0
    64             0
    65             0
    66             0
    67             0
    68             0
    69             0
    70             0
    71             0
    72             0
    73             0
    74             0
    75             0
    76             0
    77             0
    78             0
    79             0
    80             0
    81             0
    82             0
    83             0
    84             0
    85             0
    86             0
    87             0
    88             0
    89             0
    90             0
    91             0
    92             0
    93             0
    94             0
    95             0
    96             0
    97             0
    98             0
    99             0
   100             0
   101             0
   102             0
   103             0
   104             0
   105             0
   106             0
   107             0
   108             0
   109             0
   110             0
   111             0
   112             0
   113             0
   114             0
   115             0
   116             0
   117             0
   118             0
   119             0
   120             0
   121             0
   122             0
   123             0
   124             0
   125             0
   126             0
   127             0
   128             0
   129             0
   130             0
   131             0
   132             0
   133             0
   134             0
   135             0
   136             0
   137             0
   138             0
   139             0
   140             0
   141             0
   142             0
   143             0
   144             0
   145             0
   146             0
   147             0
   148             0
   149             0
   150             0
   151             0
   152             0
   153             0
   154             0
   155             0
   156             0
   157             0
   158             0
   159             0
   160             0
   161             0
   162             0
   163             0
   164             0
   165             0
   166             0
   167             0
   168             0
   169             0
   170             0
   171             0
   172             0
   173             0
   174             0
   175             0
   176             0
   177             0
   178             0
   179             0
   180             0
   181             0
   182             0
   183             0
   184             0
   185             0
   186             0
   187             0
   188             0
   189             0
   190             0
   191             0
   192             0
   193             0
   194             0
   195             0
   196             0
   197             0
   198             0
   199             0
   200             0
   201             0
   202             0
   203             0
   204             0
   205             0
   206             0
   207             0
   208             0
   209             0
   210             0
   211             0
   212             0
   213             0
   214             0
   215             0
   216             0
   217             0
   218             0
   219             0
   220             0
   221             0
   222             0
   223             0
   224             0
   225             0
   226             0
   227             0
   228             0
   229             0
   230             0
   231             0
   232             0
   233             0
   234             0
   235             0
   236             0
   237             0
   238             0
   239             0
   240             0
   241             0
   242             0
   243             0
   244             0
   245             0
   246             0
   247             0
   248             0
   249             0
   250             0
   251             0
   252             0
   253             0
   254             0
   255             0
   256             0
   257             0
   258             0
   259             0
   260             0
   261             0
   262             0
   263             0
   264             0
   265             0
   266             0
   267             0
   268             0
   269             0
   270             0
   271             0
   272             0
   273             0
   274             0
   275             0
   276             0
   277             0
   278             0
   279             0
   280             0
   281             0
   282             0
   283             0
   284             0
   285             0
   286             0
   287             0
   288             0
   289             0
   290             0
   291             0
   292             0
   293             0
   294             0
   295             0
   296             0
   297             0
   298             0
   299             0
   300             0
   301             0
   302             0
   303             0
   304             0
   305             0
   306             1
   307             1
   308             0
   309             2
   310             1
   311             1
   312             1
   313             0
   314             0
   315             3
   316             0
   317             1
   318             1
   319             2
   320             1
   321             2
   322             4
   323             0
   324             0
   325             0
   326             2
   327             2
   328             0
   329             1
   330             1
   331             0
   332             2
   333             3
   334             1
   335             1
   336             1
   337             4
   338             1
   339             3
   340             2
   341             1
   342             1
   343             0
   344             2
   345             2
   346             0
   347             1
   348             4
   349             1
   350             2
   351             2
   352             2
   353             7
   354             0
   355             2
   356             4
   357             0
   358             2
   359             4
   360             2
   361             4
   362             2
   363             1
   364             1
   365             4
   366             2
   367             1
   368             3
   369             2
   370             3
   371             1
   372             2
   373             5
   374             0
   375             2
   376             3
   377             2
   378             4
   379             2
   380             9
   381             2
   382             1
   383             2
   384             7
   385             3
   386            10
   387             5
   388             5
   389             4
   390             4
   391             4
   392             5
   393             9
   394             8
   395             8
   396             4
   397             9
   398             5
   399             6
   400             7
   401             4
   402             3
   403             5
   404             2
   405             2
   406             2
   407             4
   408             6
   409             5
   410             4
   411             6
   412             6
   413             9
   414             6
   415             6
   416             6
   417             4
   418             9
   419             5
   420             9
   421            10
   422             5
   423             4
   424             2
   425             6
   426             7
   427             6
   428             5
   429             9
   430             5
   431             8
   432            16
   433            13
   434             9
   435            13
   436            13
   437             6
   438             6
   439            16
   440            12
   441            13
   442            11
   443            11
   444             7
   445             6
   446            10
   447            13
   448            14
   449             8
   450            19
   451            10
   452             9
   453            17
   454            13
   455             8
   456            18
   457            19
   458             9
   459            17
   460            14
   461            19
   462            17
   463            14
   464            22
   465            13
   466            11
   467            14
   468            19
   469            16
   470            29
   471            11
   472            31
   473            12
   474            16
   475            15
   476            21
   477            25
   478            24
   479            27
   480            20
   481            23
   482            28
   483            16
   484            21
   485            23
   486            18
   487            28
   488            35
   489            31
   490            24
   491            23
   492            29
   493            34
   494            29
   495            35
   496            41
   497            24
   498            26
   499            33
   500            34
   501            35
   502            31
   503            44
   504            41
   505            42
   506            26
   507            33
   508            29
   509            30
   510            29
   511            41
   512            47
   513            34
   514            44
   515            43
   516            42
   517            44
   518            49
   519            37
   520            40
   521            40
   522            46
   523            57
   524            44
   525            47
   526            47
   527            48
   528            38
   529            36
   530            49
   531            57
   532            65
   533            46
   534            56
   535            60
   536            51
   537            50
   538            54
   539            49
   540            59
   541            50
   542            44
   543            41
   544            61
   545            65
   546            60
   547            58
   548            51
   549            50
   550            50
   551            71
   552            58
   553            46
   554            50
   555            37
   556            45
   557            53
   558            59
   559            52
   560            60
   561            50
   562            66
   563            62
   564            59
   565            59
   566            54
   567            55
   568            61
   569            60
   570            60
   571            61
   572            54
   573            55
   574            62
   575            47
   576            49
   577            57
   578            74
   579            49
   580            61
   581            51
   582            62
   583            66
   584            61
   585            69
   586            72
   587            60
   588            57
   589            55
   590            63
   591            81
   592            82
   593            71
   594            67
   595            60
   596            73
   597            69
   598            55
   599            68
   600            67
   601            67
   602            69
   603            65
   604            66
   605            79
   606            71
   607            68
   608            75
   609            71
   610            67
   611            58
   612            73
   613            59
   614            69
   615            68
   616            67
   617            80
   618            63
   619            81
   620            69
   621            82
   622            75
   623            73
   624            69
   625            75
   626            68
   627            72
   628            57
   629            66
   630            61
   631            71
   632            57
   633            83
   634            60
   635            71
   636            72
   637            67
   638            71
   639            65
   640            63
   641            75
   642            72
   643            73
   644            65
   645            69
   646            50
   647            60
   648            76
   649            62
   650            75
   651            61
   652            66
   653            60
   654            72
   655            63
   656            75
   657            53
   658            61
   659            63
   660            61
   661            56
   662            49
   663            62
   664            61
   665            66
   666            59
   667            77
   668            63
   669            57
   670            57
   671            66
   672            53
   673            49
   674            58
   675            59
   676            61
   677            58
   678            64
   679            72
   680            52
   681            55
   682            61
   683            67
   684            57
   685            72
   686            62
   687            66
   688            68
   689            63
   690            56
   691            62
   692            76
   693            72
   694            65
   695            70
   696            66
   697            58
   698            68
   699            84
   700            48
   701            67
   702            60
   703            60
   704            60
   705            70
   706            88
   707            62
   708            65
   709            55
   710            63
   711            59
   712            69
   713            62
   714            67
   715            70
   716            63
   717            66
   718            68
   719            61
   720            74
   721            77
   722            76
   723            58
   724            60
   725            68
   726            81
   727            66
   728            67
   729            71
   730            56
   731            77
   732            72
   733            65
   734            78
   735            62
   736            58
   737            59
   738            65
   739            61
   740            64
   741            64
   742            59
   743            57
   744            67
   745            73
   746            65
   747            56
   748            82
   749            66
   750            73
   751            68
   752            52
   753            66
   754            55
   755            62
   756            65
   757            65
   758            61
   759            75
   760            60
   761            57
   762            68
   763            50
   764            72
   765            52
   766            60
   767            73
   768            62
   769            70
   770            66
   771            65
   772            58
   773            50
   774            49
   775            50
   776            65
   777            70
   778            56
   779            57
   780            54
   781            64
   782            53
   783            70
   784            58
   785            64
   786            55
   787            62
   788            69
   789            67
   790            55
   791            58
   792            55
   793            47
   794            56
   795            70
   796            60
   797            75
   798            64
   799            66
   800            55
   801            57
   802            55
   803            63
   804            61
   805            58
   806            66
   807            57
   808            55
   809            60
   810            65
   811            72
   812            62
   813            44
   814            62
   815            60
   816            52
   817            58
   818            59
   819            60
   820            72
   821            64
   822            54
   823            63
   824            56
   825            43
   826            64
   827            61
   828            53
   829            62
   830            56
   831            57
   832            58
   833            69
   834            50
   835            54
   836            56
   837            58
   838            58
   839            51
   840            64
   841            43
   842            60
   843            45
   844            62
   845            52
   846            60
   847            49
   848            65
   849            60
   850            63
   851            57
   852            55
   853            72
   854            58
   855            63
   856            45
   857            58
   858            45
   859            52
   860            58
   861            65
   862            49
   863            50
   864            48
   865            57
   866            68
   867            65
   868            65
   869            68
   870            44
   871            46
   872            51
   873            40
   874            51
   875            44
   876            50
   877            44
   878            47
   879            44
   880            45
   881            38
   882            44
   883            52
   884            59
   885            41
   886            45
   887            59
   888            49
   889            48
   890            44
   891            42
   892            37
   893            39
   894            51
   895            50
   896            61
   897            49
   898            35
   899            44
   900            39
   901            31
   902            35
   903            46
   904            31
   905            36
   906            42
   907            46
   908            50
   909            33
   910            54
   911            48
   912            50
   913            45
   914            44
   915            47
   916            44
   917            38
   918            38
   919            34
   920            42
   921            58
   922            47
   923            39
   924            41
   925            28
   926            42
   927            34
   928            44
   929            36
   930            30
   931            51
   932            44
   933            45
   934            39
   935            38
   936            38
   937            33
   938            45
   939            44
   940            54
   941            38
   942            37
   943            39
   944            47
   945            55
   946            41
   947            45
   948            52
   949            45
   950            39
   951            45
   952            51
   953            53
   954            44
   955            49
   956            43
   957            42
   958            44
   959            49
   960            40
   961            38
   962            29
   963            49
   964            42
   965            48
   966            44
   967            44
   968            38
   969            50
   970            42
   971            47
   972            51
   973            37
   974            36
   975            43
   976            50
   977            47
   978            46
   979            40
   980            43
   981            50
   982            47
   983            54
   984            38
   985            45
   986            44
   987            49
   988            38
   989            48
   990            47
   991            45
   992            49
   993            60
   994            48
   995            50
   996            36
   997            48
   998            48
   999            36
  1000            57
  1001            54
  1002            44
  1003            40
  1004            48
  1005            48
  1006            36
  1007            55
  1008            51
  1009            38
  1010            38
  1011            50
  1012            52
  1013            39
  1014            45
  1015            44
  1016            56
  1017            58
  1018            38
  1019            50
  1020            39
  1021            37
  1022            41
  1023            43
  1024            34
  1025            52
  1026            50
  1027            36
  1028            58
  1029            53
  1030            39
  1031            39
  1032            37
  1033            43
  1034            43
  1035            41
  1036            51
  1037            64
  1038            52
  1039            58
  1040            37
  1041            47
  1042            41
  1043            40
  1044            43
  1045            51
  1046            48
  1047            44
  1048            45
  1049            54
  1050            51
  1051            56
  1052            48
  1053            49
  1054            57
  1055            45
  1056            29
  1057            48
  1058            43
  1059            42
  1060            43
  1061            29
  1062            45
  1063            41
  1064            55
  1065            36
  1066            32
  1067            49
  1068            48
  1069            58
  1070            51
  1071            53
  1072            56
  1073            58
  1074            54
  1075            46
  1076            29
  1077            43
  1078            38
  1079            46
  1080            42
  1081            44
  1082            44
  1083            40
  1084            56
  1085            53
  1086            49
  1087            44
  1088            39
  1089            48
  1090            44
  1091            49
  1092            40
  1093            37
  1094            39
  1095            61
  1096            43
  1097            42
  1098            44
  1099            44
  1100            61
  1101            35
  1102            44
  1103            47
  1104            33
  1105            43
  1106            59
  1107            48
  1108            43
  1109            42
  1110            51
  1111            38
  1112            38
  1113            34
  1114            52
  1115            42
  1116            43
  1117            50
  1118            46
  1119            46
  1120            46
  1121            38
  1122            48
  1123            38
  1124            33
  1125            35
  1126            39
  1127            48
  1128            33
  1129            47
  1130            39
  1131            31
  1132            57
  1133            23
  1134            47
  1135            48
  1136            47
  1137            37
  1138            56
  1139            48
  1140            51
  1141            55
  1142            45
  1143            29
  1144            47
  1145            55
  1146            49
  1147            41
  1148            46
  1149            42
  1150            45
  1151            31
  1152            38
  1153            50
  1154            42
  1155            35
  1156            38
  1157            45
  1158            47
  1159            33
  1160            37
  1161            41
  1162            34
  1163            34
  1164            38
  1165            43
  1166            44
  1167            41
  1168            40
  1169            33
  1170            35
  1171            31
  1172            47
  1173            33
  1174            33
  1175            31
  1176            28
  1177            41
  1178            36
  1179            38
  1180            32
  1181            35
  1182            42
  1183            36
  1184            29
  1185            32
  1186            46
  1187            29
  1188            30
  1189            27
  1190            29
  1191            35
  1192            40
  1193            43
  1194            41
  1195            35
  1196            36
  1197            31
  1198            39
  1199            29
  1200            40
  1201            39
  1202            25
  1203            28
  1204            35
  1205            41
  1206            24
  1207            42
  1208            33
  1209            28
  1210            26
  1211            42
  1212            29
  1213            38
  1214            28
  1215            31
  1216            34
  1217            32
  1218            30
  1219            29
  1220            25
  1221            24
  1222            25
  1223            27
  1224            35
  1225            31
  1226            28
  1227            24
  1228            25
  1229            34
  1230            35
  1231            27
  1232            27
  1233            33
  1234            39
  1235            31
  1236            24
  1237            31
  1238            29
  1239            29
  1240            24
  1241            26
  1242            25
  1243            28
  1244            33
  1245            26
  1246            26
  1247            28
  1248            24
  1249            27
  1250            17
  1251            28
  1252            33
  1253            18
  1254            20
  1255            24
  1256            28
  1257            29
  1258            30
  1259            20
  1260            28
  1261            17
  1262            31
  1263            25
  1264            25
  1265            30
  1266            32
  1267            27
  1268            24
  1269            30
  1270            28
  1271            21
  1272            21
  1273            22
  1274            10
  1275            15
  1276            15
  1277            24
  1278            20
  1279            33
  1280            19
  1281            24
  1282            25
  1283            16
  1284            25
  1285            19
  1286            26
  1287            21
  1288            23
  1289            12
  1290            22
  1291            26
  1292            22
  1293            23
  1294            22
  1295            22
  1296            23
  1297            17
  1298            22
  1299            20
  1300            17
  1301            13
  1302            22
  1303            12
  1304            13
  1305            13
  1306            20
  1307            19
  1308            15
  1309            16
  1310            22
  1311            23
  1312            20
  1313            24
  1314            18
  1315            15
  1316            18
  1317            15
  1318            25
  1319            20
  1320            15
  1321            17
  1322            13
  1323            12
  1324            15
  1325            19
  1326            12
  1327            18
  1328            17
  1329            11
  1330            13
  1331            10
  1332            11
  1333            14
  1334            10
  1335            21
  1336            16
  1337            13
  1338            11
  1339            11
  1340            13
  1341            10
  1342            10
  1343            15
  1344            21
  1345            14
  1346            13
  1347            11
  1348            15
  1349            12
  1350            14
  1351             8
  1352            13
  1353            15
  1354            10
  1355            15
  1356             9
  1357            13
  1358            13
  1359            13
  1360            11
  1361            14
  1362             9
  1363             9
  1364            14
  1365            13
  1366            11
  1367            12
  1368            19
  1369            15
  1370             3
  1371             6
  1372             8
  1373             9
  1374            13
  1375            12
  1376             6
  1377             6
  1378            12
  1379            11
  1380             8
  1381            16
  1382             6
  1383            10
  1384            11
  1385            10
  1386            16
  1387             6
  1388             9
  1389             6
  1390             9
  1391             9
  1392            10
  1393             7
  1394             4
  1395             4
  1396             9
  1397             5
  1398            13
  1399             8
  1400             8
  1401             4
  1402             9
  1403             9
  1404             7
  1405            14
  1406            12
  1407             8
  1408             8
  1409            10
  1410            15
  1411             5
  1412            13
  1413             4
  1414             6
  1415             4
  1416             8
  1417            12
  1418            11
  1419             6
  1420            13
  1421             2
  1422             8
  1423            13
  1424             9
  1425            10
  1426            10
  1427             4
  1428            11
  1429            11
  1430             5
  1431            10
  1432            12
  1433             4
  1434             6
  1435             8
  1436             6
  1437            10
  1438             7
  1439             7
  1440            12
  1441            15
  1442             6
  1443             9
  1444            11
  1445            12
  1446             7
  1447             7
  1448            11
  1449             7
  1450            10
  1451             5
  1452             7
  1453             5
  1454             3
  1455             8
  1456             3
  1457             8
  1458            11
  1459             6
  1460             3
  1461             8
  1462             9
  1463            13
  1464             5
  1465            14
  1466            12
  1467             8
  1468             8
  1469             9
  1470             7
  1471             8
  1472             9
  1473             8
  1474             4
  1475             7
  1476             6
  1477             6
  1478            11
  1479             8
  1480             6
  1481             4
  1482            12
  1483            16
  1484            10
  1485             6
  1486            12
  1487            11
  1488             4
  1489             6
  1490            10
  1491             7
  1492            12
  1493             4
  1494             7
  1495             5
  1496             8
  1497             8
  1498             6
  1499             7
  1500             6
  1501             4
  1502             6
  1503             9
  1504             5
  1505             9
  1506             5
  1507             6
  1508             5
  1509            12
  1510            10
  1511             9
  1512             5
  1513             4
  1514             9
  1515             7
  1516             6
  1517             5
  1518             7
  1519            11
  1520             6
  1521             8
  1522             8
  1523             6
  1524             1
  1525             3
  1526             9
  1527             6
  1528             4
  1529             5
  1530             6
  1531             6
  1532             3
  1533             3
  1534             8
  1535             5
  1536             5
  1537             7
  1538             6
  1539             6
  1540             6
  1541             4
  1542             4
  1543             3
  1544             8
  1545             3
  1546             5
  1547             7
  1548            10
  1549             8
  1550             7
  1551             4
  1552             4
  1553             6
  1554             6
  1555             3
  1556            13
  1557             5
  1558             4
  1559             6
  1560             7
  1561             3
  1562             7
  1563             8
  1564             6
  1565             4
  1566             5
  1567             4
  1568             7
  1569             5
  1570             3
  1571             6
  1572             1
  1573             4
  1574             4
  1575             5
  1576             6
  1577             6
  1578             1
  1579             7
  1580             3
  1581             4
  1582             6
  1583             8
  1584             3
  1585             2
  1586            10
  1587             9
  1588             7
  1589             2
  1590             3
  1591             7
  1592             3
  1593             9
  1594             4
  1595             2
  1596             5
  1597             5
  1598             5
  1599             3
  1600             7
  1601             3
  1602             4
  1603             3
  1604             3
  1605             2
  1606             1
  1607            12
  1608             4
  1609             4
  1610             3
  1611             5
  1612             3
  1613             4
  1614             4
  1615             6
  1616             4
  1617             1
  1618             5
  1619             3
  1620             6
  1621             4
  1622             5
  1623             7
  1624             0
  1625             7
  1626            10
  1627             3
  1628             4
  1629             4
  1630             7
  1631             7
  1632             5
  1633             4
  1634             6
  1635             7
  1636             2
  1637             3
  1638             3
  1639             2
  1640             6
  1641             8
  1642             7
  1643             2
  1644             2
  1645             3
  1646             3
  1647             4
  1648             4
  1649             3
  1650             1
  1651             3
  1652             3
  1653             1
  1654             3
  1655             2
  1656             4
  1657             6
  1658             3
  1659             3
  1660             4
  1661             2
  1662             3
  1663             4
  1664             1
  1665             1
  1666             3
  1667             3
  1668             5
  1669             2
  1670             2
  1671             2
  1672             4
  1673             2
  1674             3
  1675             4
  1676             2
  1677             1
  1678             0
  1679             1
  1680             2
  1681             1
  1682             2
  1683             2
  1684             4
  1685             2
  1686             3
  1687             1
  1688             6
  1689             1
  1690             3
  1691             1
  1692             3
  1693             5
  1694             2
  1695             2
  1696             1
  1697             2
  1698             2
  1699             1
  1700             2
  1701             0
  1702             1
  1703             2
  1704             0
  1705             1
  1706             1
  1707             2
  1708             0
  1709             2
  1710             0
  1711             0
  1712             1
  1713             1
  1714             3
  1715             1
  1716             0
  1717             2
  1718             3
  1719             0
  1720             0
  1721             2
  1722             1
  1723             0
  1724             1
  1725             2
  1726             1
  1727             0
  1728             1
  1729             1
  1730             1
  1731             0
  1732             1
  1733             0
  1734             0
  1735             1
  1736             1
  1737             1
  1738             0
  1739             4
  1740             0
  1741             0
  1742             3
  1743             0
  1744             0
  1745             1
  1746             3
  1747             2
  1748             0
  1749             2
  1750             1
  1751             2
  1752             0
  1753             0
  1754             3
  1755             1
  1756             1
  1757             0
  1758             1
  1759             0
  1760             0
  1761             0
  1762             1
  1763             0
  1764             1
  1765             0
  1766             0
  1767             0
  1768             0
  1769             2
  1770             0
  1771             0
  1772             1
  1773             0
  1774             0
  1775             0
  1776             0
  1777             0
  1778             0
  1779             0
  1780             3
  1781             2
  1782             1
  1783             1
  1784             0
  1785             0
  1786             0
  1787             0
  1788             0
  1789             0
  1790             0
  1791             0
  1792             0
  1793             1
  1794             0
  1795             0
  1796             0
  1797             0
  1798             1
  1799             0
  1800             1
  1801             0
  1802             1
  1803             2
  1804             0
  1805             0
  1806             0
  1807             1
  1808             0
  1809             1
  1810             0
  1811             0
  1812             1
  1813             0
  1814             0
  1815             0
  1816             0
  1817             1
  1818             0
  1819             0
  1820             0
  1821             0
  1822             0
  1823             0
  1824             0
  1825             0
  1826             0
  1827             0
  1828             0
  1829             0
  1830             0
  1831             0
  1832             1
  1833             0
  1834             0
  1835             0
  1836             0
  1837             0
  1838             0
  1839             0
  1840             1
  1841             0
  1842             1
  1843             0
  1844             0
  1845             0
  1846             1
  1847             0
  1848             0
  1849             0
  1850             0
  1851             0
  1852             0
  1853             0
  1854             0
  1855             1
  1856             0
  1857             0
  1858             0
  1859             0
  1860             0
  1861             1
  1862             0
  1863             0
  1864             0
  1865             1
  1866             0
  1867             1
  1868             0
  1869             0
  1870             0
  1871             0
  1872             0
  1873             1
  1874             1
  1875             0
  1876             0
  1877             0
  1878             0
  1879             0
  1880             0
  1881             1
  1882             0
  1883             0
  1884             0
  1885             0
  1886             0
  1887             0
  1888             0
  1889             0
  1890             0
  1891             0
  1892             0
  1893             1
  1894             0
  1895             0
  1896             0
  1897             0
  1898             0
  1899             0
  1900             0
  1901             0
  1902             0
  1903             0
  1904             0
  1905             0
  1906             0
  1907             0
  1908             0
  1909             0
  1910             0
  1911             0
  1912             0
  1913             2
  1914             0
  1915             0
  1916             0
  1917             0
  1918             0
  1919             0
  1920             0
  1921             1
  1922             0
  1923             0
  1924             0
  1925             0
  1926             0
  1927             0
  1928             0
  1929             0
  1930             0
  1931             0
  1932             0
  1933             0
  1934             0
  1935             1
  1936             0
  1937             1
  1938             0
  1939             0
  1940             0
  1941             0
  1942             0
  1943             0
  1944             0
  1945             0
  1946             0
  1947             0
  1948             0
  1949             0
  1950             0
  1951             0
  1952             0
  1953             0
  1954             0
  1955             1
  1956             0
  1957             0
  1958             0
  1959             0
  1960             0
  1961             0
  1962             1
  1963             0
  1964             0
  1965             0
  1966             0
  1967             0
  1968             0
  1969             0
  1970             0
  1971             0
  1972             0
  1973             0
  1974             0
  1975             0
  1976             1
  1977             0
  1978             0
  1979             0
  1980             0
  1981             0
  1982             1
  1983             0
  1984             0
  1985             0
  1986             0
  1987             0
  1988             0
  1989             0
  1990             0
  1991             0
  1992             0
  1993             0
  1994             0
  1995             0
  1996             0
  1997             0
  1998             1
  1999             0
  2000             0
  2001             0
  2002             0
  2003             0
  2004             1
  2005             0
  2006             0
  2007             0
  2008             1
  2009             0
  2010             0
  2011             0
  2012             0
  2013             0
  2014             0
  2015             0
  2016             0
  2017             0
  2018             0
  2019             0
  2020             0
  2021             0
  2022             1
  2023             0
  2024             0
  2025             1
  2026             0
  2027             0
  2028             0
  2029             0
  2030             1
  2031             0
  2032             0
  2033             0
  2034             0
  2035             0
  2036             0
  2037             1
  2038             0
  2039             0
  2040             0
  2041             0
  2042             0
  2043             0
  2044             0
  2045             0
  2046             0
  2047             0
  2048             0
  2049             0
  2050             0
  2051             0
  2052             0
  2053             0
  2054             0
  2055             0
  2056             0
  2057             0
  2058             0
  2059             0
  2060             0
  2061             1
  2062             0
  2063             0
  2064             0
  2065             0
  2066             0
  2067             0
  2068             0
  2069             0
  2070             0
  2071             0
  2072             0
  2073             0
  2074             0
  2075             0
  2076             0
  2077             0
  2078             0
  2079             0
  2080             0
  2081             0
  2082             0
  2083             1
  2084             0
  2085             0
  2086             1
  2087             0
  2088             0
  2089             0
  2090             0
  2091             0
  2092             0
  2093             0
  2094             1
  2095             0
  2096             0
  2097             0
  2098             0
  2099             0
  2100             0
  2101             0
  2102             0
  2103             0
  2104             0
  2105             0
  2106             1
  2107             0
  2108             0
  2109             0
  2110             0
  2111             0
  2112             0
  2113             0
  2114             0
  2115             0
  2116             0
  2117             0
  2118             0
  2119             1
  2120             0
  2121             0
  2122             0
  2123             0
  2124             1
  2125             0
  2126             0
  2127             0
  2128             0
  2129             0
  2130             0
  2131             0
  2132             0
  2133             0
  2134             0
  2135             0
  2136             0
  2137             0
  2138             0
  2139             0
  2140             0
  2141             0
  2142             0
  2143             0
  2144             0
  2145             0
  2146             0
  2147             0
  2148             0
  2149             0
  2150             0
  2151             0
  2152             0
  2153             1
  2154             0
  2155             0
  2156             0
  2157             0
  2158             0
  2159             0
  2160             1
  2161             0
  2162             0
  2163             0
  2164             0
  2165             0
  2166             0
  2167             0
  2168             1
  2169             0
  2170             0
  2171             0
  2172             0
  2173             0
  2174             0
  2175             0
  2176             0
  2177             0
  2178             0
  2179             0
  2180             0
  2181             0
  2182             1
  2183             0
  2184             0
  2185             0
  2186             0
  2187             0
  2188             0
  2189             0
  2190             0
  2191             0
  2192             0
  2193             1
  2194             0
  2195             0
  2196             0
  2197             0
  2198             0
  2199             0
  2200             0
  2201             0
  2202             0
  2203             0
  2204             0
  2205             0
  2206             0
  2207             0
  2208             0
  2209             0
  2210             0
  2211             0
  2212             0
  2213             0
  2214             0
  2215             0
  2216             1
  2217             0
  2218             0
  2219             0
  2220             0
  2221             0
  2222             0
  2223             0
  2224             0
  2225             0
  2226             0
  2227             0
  2228             0
  2229             0
  2230             0
  2231             0
  2232             0
  2233             1
  2234             0
  2235             0
  2236             0
  2237             1
  2238             0
  2239             0
  2240             0
  2241             0
  2242             0
  2243             0
  2244             0
  2245             0
  2246             0
  2247             0
  2248             0
  2249             0
  2250             0
  2251             0
  2252             0
  2253             0
  2254             0
  2255             0
  2256             0
  2257             0
  2258             0
  2259             0
  2260             0
  2261             0
  2262             0
  2263             1
  2264             0
  2265             0
  2266             0
  2267             0
  2268             0
  2269             0
  2270             0
  2271             0
  2272             0
  2273             0
  2274             1
  2275             0
  2276             0
  2277             1
  2278             1
  2279             0
  2280             0
  2281             0
  2282             0
  2283             0
  2284             0
  2285             0
  2286             0
  2287             0
  2288             0
  2289             0
  2290             0
  2291             0
  2292             0
  2293             0
  2294             0
  2295             0
  2296             0
  2297             0
  2298             0
  2299             0
  2300             0
  2301             0
  2302             0
  2303             0
  2304             0
  2305             0
  2306             0
  2307             0
  2308             0
  2309             0
  2310             0
  2311             0
  2312             0
  2313             0
  2314             1
  2315             0
  2316             0
  2317             0
  2318             0
  2319             0
  2320             0
  2321             0
  2322             0
  2323             0
  2324             0
  2325             0
  2326             0
  2327             0
  2328             0
  2329             0
  2330             0
  2331             0
  2332             0
  2333             0
  2334             0
  2335             0
  2336             0
  2337             0
  2338             0
  2339             0
  2340             0
  2341             0
  2342             0
  2343             0
  2344             0
  2345             0
  2346             0
  2347             0
  2348             0
  2349             0
  2350             0
  2351             0
  2352             0
  2353             0
  2354             0
  2355             0
  2356             0
  2357             0
  2358             0
  2359             0
  2360             0
  2361             0
  2362             0
  2363             0
  2364             0
  2365             0
  2366             0
  2367             0
  2368             0
  2369             0
  2370             0
  2371             0
  2372             0
  2373             0
  2374             0
  2375             0
  2376             0
  2377             0
  2378             0
  2379             0
  2380             0
  2381             0
  2382             0
  2383             0
  2384             0
  2385             0
  2386             0
  2387             0
  2388             0
  2389             0
  2390             0
  2391             0
  2392             0
  2393             0
  2394             0
  2395             0
  2396             0
  2397             0
  2398             0
  2399             0
  2400             0
  2401             0
  2402             0
  2403             0
  2404             0
  2405             0
  2406             0
  2407             0
  2408             0
  2409             0
  2410             0
  2411             0
  2412             0
  2413             0
  2414             0
  2415             0
  2416             0
  2417             0
  2418             0
  2419             0
  2420             0
  2421             0
  2422             0
  2423             0
  2424             0
  2425             0
  2426             0
  2427             0
  2428             0
  2429             0
  2430             0
  2431             0
  2432             0
  2433             0
  2434             0
  2435             0
  2436             0
  2437             0
  2438             0
  2439             0
  2440             1
  2441             0
  2442             0
  2443             0
  2444             0
  2445             1
  2446             0
  2447             0
  2448             0
  2449             0
  2450             0
  2451             0
  2452             0
  2453             0
  2454             0
  2455             0
  2456             0
  2457             0
  2458             0
  2459             0
  2460             0
  2461             0
  2462             0
  2463             0
  2464             0
  2465             0
  2466             0
  2467             0
  2468             0
  2469             0
  2470             0
  2471             0
  2472             0
  2473             0
  2474             0
  2475             0
  2476             0
  2477             0
  2478             0
  2479             0
  2480             0
  2481             0
  2482             0
  2483             0
  2484             0
  2485             0
  2486             0
  2487             0
  2488             0
  2489             0
  2490             0
  2491             0
  2492             0
  2493             0
  2494             0
  2495             0
  2496             0
  2497             0
  2498             1
  2499             0
  2500             1
  2501             0
  2502             0
  2503             0
  2504             1
  2505             0
  2506             0
  2507             0
  2508             0
  2509             0
  2510             0
  2511             0
  2512             0
  2513             0
  2514             0
  2515             0
  2516             0
  2517             0
  2518             0
  2519             0
  2520             0
  2521             0
  2522             0
  2523             0
  2524             0
  2525             0
  2526             0
  2527             0
  2528             0
  2529             0
  2530             0
  2531             0
  2532             0
  2533             1
  2534             0
  2535             0
  2536             0
  2537             0
  2538             0
  2539             0
  2540             0
  2541             0
  2542             0
  2543             0
  2544             0
  2545             0
  2546             0
  2547             0
  2548             0
  2549             1
  2550             0
  2551             0
  2552             0
  2553             0
  2554             0
  2555             0
  2556             0
  2557             0
  2558             0
  2559             0
  2560             0
  2561             2
  2562             0
  2563             0
  2564             0
  2565             0
  2566             0
  2567             0
  2568             0
  2569             0
  2570             0
  2571             0
  2572             0
  2573             0
  2574             0
  2575             0
  2576             0
  2577             0
  2578             0
  2579             0
  2580             0
  2581             0
  2582             0
  2583             0
  2584             0
  2585             0
  2586             0
  2587             0
  2588             0
  2589             0
  2590             1
  2591             0
  2592             0
  2593             0
  2594             0
  2595             0
  2596             0
  2597             0
  2598             0
  2599             0
  2600             0
  2601             0
  2602             0
  2603             1
  2604             0
  2605             0
  2606             0
  2607             0
  2608             0
  2609             0
  2610             0
  2611             0
  2612             0
  2613             0
  2614             0
  2615             0
  2616             0
  2617             2
  2618             0
  2619             0
  2620             0
  2621             0
  2622             0
  2623             0
  2624             0
  2625             0
  2626             0
  2627             0
  2628             0
  2629             0
  2630             0
  2631             1
  2632             0
  2633             0
  2634             0
  2635             0
  2636             0
  2637             0
  2638             0
  2639             0
  2640             0
  2641             0
  2642             0
  2643             0
  2644             0
  2645             0
  2646             0
  2647             0
  2648             0
  2649             0
  2650             1
  2651             0
  2652             0
  2653             0
  2654             0
  2655             0
  2656             0
  2657             1
  2658             0
  2659             0
  2660             0
  2661             0
  2662             0
  2663             0
  2664             0
  2665             0
  2666             0
  2667             0
  2668             0
  2669             0
  2670             0
  2671             0
  2672             0
  2673             0
  2674             0
  2675             0
  2676             0
  2677             1
  2678             0
  2679             0
  2680             0
  2681             0
  2682             0
  2683             0
  2684             0
  2685             0
  2686             1
  2687             0
  2688             0
  2689             0
  2690             0
  2691             0
  2692             0
  2693             0
  2694             0
  2695             0
  2696             0
  2697             0
  2698             0
  2699             0
  2700             1
  2701             0
  2702             0
  2703             0
  2704             0
  2705             0
  2706             0
  2707             0
  2708             0
  2709             0
  2710             0
  2711             0
  2712             0
  2713             0
  2714             1
  2715             0
  2716             0
  2717             0
  2718             0
  2719             0
  2720             0
  2721             0
  2722             1
  2723             0
  2724             0
  2725             0
  2726             1
  2727             0
  2728             0
  2729             0
  2730             0
  2731             0
  2732             0
  2733             0
  2734             0
  2735             0
  2736             0
  2737             2
  2738             0
  2739             0
  2740             0
  2741             0
  2742             0
  2743             0
  2744             0
  2745             0
  2746             0
  2747             0
  2748             0
  2749             0
  2750             0
  2751             0
  2752             1
  2753             0
  2754             0
  2755             0
  2756             0
  2757             0
  2758             0
  2759             0
  2760             0
  2761             0
  2762             0
  2763             0
  2764             0
  2765             0
  2766             0
  2767             0
  2768             0
  2769             0
  2770             2
  2771             1
  2772             0
  2773             0
  2774             0
  2775             0
  2776             0
  2777             0
  2778             0
  2779             0
  2780             0
  2781             0
  2782             0
  2783             0
  2784             0
  2785             0
  2786             0
  2787             0
  2788             1
  2789             0
  2790             0
  2791             0
  2792             0
  2793             0
  2794             0
  2795             0
  2796             0
  2797             0
  2798             0
  2799             0
  2800             0
  2801             0
  2802             0
  2803             0
  2804             0
  2805             0
  2806             0
  2807             0
  2808             0
  2809             0
  2810             0
  2811             0
  2812             0
  2813             0
  2814             0
  2815             0
  2816             0
  2817             0
  2818             0
  2819             0
  2820             0
  2821             0
  2822             0
  2823             0
  2824             0
  2825             0
  2826             0
  2827             0
  2828             0
  2829             0
  2830             0
  2831             0
  2832             0
  2833             0
  2834             0
  2835             0
  2836             0
  2837             0
  2838             0
  2839             0
  2840             0
  2841             0
  2842             0
  2843             0
  2844             0
  2845             0
  2846             0
  2847             0
  2848             0
  2849             0
  2850             0
  2851             0
  2852             0
  2853             0
  2854             0
  2855             0
  2856             0
  2857             0
  2858             0
  2859             0
  2860             0
  2861             0
  2862             0
  2863             0
  2864             0
  2865             0
  2866             0
  2867             0
  2868             0
  2869             0
  2870             0
  2871             0
  2872             0
  2873             0
  2874             0
  2875             1
  2876             1
  2877             0
  2878             0
  2879             0
  2880             0
  2881             0
  2882             0
  2883             0
  2884             0
  2885             0
  2886             0
  2887             0
  2888             0
  2889             0
  2890             0
  2891             0
  2892             0
  2893             0
  2894             0
  2895             0
  2896             0
  2897             0
  2898             0
  2899             1
  2900             0
  2901             0
  2902             0
  2903             1
  2904             0
  2905             0
  2906             0
  2907             0
  2908             0
  2909             0
  2910             0
  2911             0
  2912             0
  2913             0
  2914             0
  2915             0
  2916             0
  2917             0
  2918             0
  2919             0
  2920             0
  2921             0
  2922             0
  2923             0
  2924             0
  2925             0
  2926             1
  2927             0
  2928             0
  2929             0
  2930             0
  2931             0
  2932             0
  2933             0
  2934             0
  2935             0
  2936             0
  2937             0
  2938             0
  2939             1
  2940             0
  2941             0
  2942             1
  2943             0
  2944             0
  2945             0
  2946             0
  2947             1
  2948             0
  2949             0
  2950             0
  2951             0
  2952             0
  2953             0
  2954             0
  2955             0
  2956             0
  2957             0
  2958             0
  2959             0
  2960             1
  2961             0
  2962             0
  2963             0
  2964             0
  2965             0
  2966             0
  2967             0
  2968             0
  2969             1
  2970             0
  2971             0
  2972             0
  2973             0
  2974             0
  2975             0
  2976             0
  2977             0
  2978             0
  2979             0
  2980             0
  2981             0
  2982             0
  2983             0
  2984             0
  2985             0
  2986             0
  2987             0
  2988             0
  2989             0
  2990             0
  2991             0
  2992             0
  2993             0
  2994             0
  2995             0
  2996             0
  2997             0
  2998             0
  2999             0
  3000             1
  3001             0
  3002             0
  3003             0
  3004             0
  3005             0
  3006             0
  3007             1
  3008             0
  3009             0
  3010             0
  3011             0
  3012             0
  3013             0
  3014             0
  3015             0
  3016             0
  3017             0
  3018             0
  3019             0
  3020             0
  3021             0
  3022             0
  3023             0
  3024             0
  3025             0
  3026             0
  3027             0
  3028             0
  3029             0
  3030             0
  3031             0
  3032             0
  3033             0
  3034             0
  3035             0
  3036             0
  3037             0
  3038             0
  3039             0
  3040             1
  3041             0
  3042             0
  3043             0
  3044             0
  3045             0
  3046             0
  3047             0
  3048             0
  3049             0
  3050             0
  3051             0
  3052             0
  3053             0
  3054             0
  3055             0
  3056             0
  3057             0
  3058             0
  3059             0
  3060             0
  3061             0
  3062             1
  3063             0
  3064             1
  3065             0
  3066             0
  3067             0
  3068             0
  3069             0
  3070             0
  3071             0
  3072             0
  3073             0
  3074             1
  3075             0
  3076             0
  3077             0
  3078             0
  3079             0
  3080             0
  3081             0
  3082             0
  3083             0
  3084             0
  3085             0
  3086             0
  3087             0
  3088             0
  3089             0
  3090             0
  3091             1
  3092             0
  3093             0
  3094             0
  3095             0
  3096             0
  3097             0
  3098             0
  3099             0
  3100             0
  3101             0
  3102             0
  3103             0
  3104             0
  3105             0
  3106             0
  3107             0
  3108             0
  3109             0
  3110             0
  3111             0
  3112             0
  3113             0
  3114             0
  3115             1
  3116             0
  3117             1
  3118             1
  3119             0
  3120             0
  3121             0
  3122             0
  3123             0
  3124             0
  3125             0
  3126             0
  3127             0
  3128             0
  3129             1
  3130             0
  3131             0
  3132             0
  3133             0
  3134             0
  3135             0
  3136             0
  3137             0
  3138             0
  3139             0
  3140             0
  3141             0
  3142             0
  3143             0
  3144             0
  3145             0
  3146             0
  3147             0
  3148             0
  3149             0
  3150             0
  3151             0
  3152             0
  3153             0
  3154             0
  3155             0
  3156             0
  3157             0
  3158             0
  3159             0
  3160             1
  3161             0
  3162             0
  3163             0
  3164             0
  3165             0
  3166             0
  3167             0
  3168             0
  3169             0
  3170             0
  3171             0
  3172             0
  3173             0
  3174             0
  3175             0
  3176             0
  3177             0
  3178             0
  3179             0
  3180             0
  3181             0
  3182             0
  3183             0
  3184             0
  3185             0
  3186             2
  3187             0
  3188             0
  3189             0
  3190             0
  3191             0
  3192             0
  3193             0
  3194             0
  3195             0
  3196             0
  3197             0
  3198             0
  3199             0
  3200             0
  3201             0
  3202             0
  3203             0
  3204             0
  3205             0
  3206             0
  3207             0
  3208             0
  3209             0
  3210             0
  3211             0
  3212             1
  3213             0
  3214             0
  3215             0
  3216             0
  3217             0
  3218             0
  3219             0
  3220             0
  3221             0
  3222             0
  3223             0
  3224             0
  3225             0
  3226             0
  3227             0
  3228             0
  3229             0
  3230             0
  3231             0
  3232             0
  3233             0
  3234             0
  3235             0
  3236             0
  3237             0
  3238             0
  3239             0
  3240             0
  3241             0
  3242             0
  3243             0
  3244             1
  3245             0
  3246             0
  3247             0
  3248             1
  3249             0
  3250             1
  3251             0
  3252             0
  3253             0
  3254             0
  3255             0
  3256             0
  3257             0
  3258             0
  3259             0
  3260             0
  3261             0
  3262             0
  3263             0
  3264             0
  3265             0
  3266             0
  3267             0
  3268             0
  3269             0
  3270             0
  3271             0
  3272             0
  3273             0
  3274             0
  3275             0
  3276             1
  3277             0
  3278             0
  3279             0
  3280             0
  3281             0
  3282             0
  3283             0
  3284             0
  3285             0
  3286             0
  3287             0
  3288             0
  3289             0
  3290             0
  3291             0
  3292             0
  3293             0
  3294             0
  3295             0
  3296             0
  3297             0
  3298             0
  3299             0
  3300             0
  3301             0
  3302             0
  3303             0
  3304             0
  3305             0
  3306             0
  3307             0
  3308             0
  3309             0
  3310             0
  3311             0
  3312             0
  3313             0
  3314             0
  3315             0
  3316             0
  3317             0
  3318             0
  3319             0
  3320             0
  3321             0
  3322             0
  3323             0
  3324             0
  3325             0
  3326             0
  3327             0
  3328             0
  3329             0
  3330             0
  3331             0
  3332             1
  3333             0
  3334             0
  3335             0
  3336             0
  3337             0
  3338             0
  3339             0
  3340             0
  3341             0
  3342             0
  3343             0
  3344             0
  3345             0
  3346             0
  3347             0
  3348             0
  3349             0
  3350             1
  3351             0
  3352             1
  3353             1
  3354             0
  3355             0
  3356             0
  3357             1
  3358             0
  3359             0
  3360             0
  3361             0
  3362             0
  3363             0
  3364             0
  3365             0
  3366             0
  3367             0
  3368             0
  3369             0
  3370             0
  3371             0
  3372             0
  3373             1
  3374             0
  3375             0
  3376             0
  3377             0
  3378             0
  3379             0
  3380             0
  3381             0
  3382             0
  3383             0
  3384             0
  3385             0
  3386             0
  3387             0
  3388             0
  3389             0
  3390             0
  3391             0
  3392             0
  3393             0
  3394             0
  3395             0
  3396             0
  3397             0
  3398             0
  3399             0
  3400             0
  3401             0
  3402             0
  3403             0
  3404             0
  3405             0
  3406             1
  3407             0
  3408             0
  3409             0
  3410             0
  3411             0
  3412             0
  3413             0
  3414             0
  3415             0
  3416             0
  3417             0
  3418             0
  3419             0
  3420             0
  3421             0
  3422             0
  3423             0
  3424             0
  3425             0
  3426             0
  3427             0
  3428             0
  3429             0
  3430             0
  3431             0
  3432             0
  3433             0
  3434             0
  3435             0
  3436             0
  3437             0
  3438             0
  3439             0
  3440             0
  3441             0
  3442             0
  3443             0
  3444             0
  3445             0
  3446             0
  3447             0
  3448             0
  3449             0
  3450             0
  3451             0
  3452             1
  3453             0
  3454             1
  3455             0
  3456             0
  3457             0
  3458             0
  3459             0
  3460             0
  3461             0
  3462             0
  3463             0
  3464             0
  3465             0
  3466             0
  3467             0
  3468             0
  3469             0
  3470             0
  3471             0
  3472             0
  3473             0
  3474             0
  3475             0
  3476             0
  3477             0
  3478             0
  3479             0
  3480             0
  3481             0
  3482             0
  3483             0
  3484             0
  3485             0
  3486             0
  3487             0
  3488             0
  3489             0
  3490             0
  3491             0
  3492             0
  3493             0
  3494             0
  3495             0
  3496             0
  3497             0
  3498             0
  3499             0
  3500             0
  3501             0
  3502             0
  3503             0
  3504             0
  3505             0
  3506             1
  3507             0
  3508             0
  3509             0
  3510             0
  3511             0
  3512             0
  3513             0
  3514             0
  3515             0
  3516             0
  3517             0
  3518             1
  3519             0
  3520             0
  3521             0
  3522             0
  3523             0
  3524             0
  3525             0
  3526             0
  3527             0
  3528             0
  3529             0
  3530             0
  3531             0
  3532             0
  3533             1
  3534             0
  3535             0
  3536             0
  3537             0
  3538             0
  3539             0
  3540             0
  3541             0
  3542             0
  3543             0
  3544             0
  3545             0
  3546             0
  3547             0
  3548             0
  3549             0
  3550             0
  3551             0
  3552             0
  3553             0
  3554             0
  3555             0
  3556             0
  3557             0
  3558             0
  3559             0
  3560             0
  3561             0
  3562             0
  3563             0
  3564             0
  3565             0
  3566             0
  3567             0
  3568             0
  3569             0
  3570             0
  3571             0
  3572             0
  3573             0
  3574             0
  3575             1
  3576             0
  3577             0
  3578             0
  3579             0
  3580             0
  3581             0
  3582             0
  3583             0
  3584             0
  3585             1
  3586             0
  3587             0
  3588             0
  3589             0
  3590             0
  3591             0
  3592             0
  3593             0
  3594             0
  3595             0
  3596             0
  3597             0
  3598             0
  3599             0
  3600             0
  3601             0
  3602             0
  3603             0
  3604             0
  3605             0
  3606             0
  3607             0
  3608             0
  3609             0
  3610             0
  3611             0
  3612             0
  3613             0
  3614             0
  3615             0
  3616             0
  3617             0
  3618             0
  3619             0
  3620             0
  3621             0
  3622             0
  3623             0
  3624             0
  3625             0
  3626             0
  3627             0
  3628             0
  3629             0
  3630             0
  3631             0
  3632             0
  3633             0
  3634             0
  3635             0
  3636             0
  3637             0
  3638             0
  3639             0
  3640             0
  3641             0
  3642             0
  3643             0
  3644             0
  3645             0
  3646             0
  3647             0
  3648             0
  3649             0
  3650             0
  3651             0
  3652             0
  3653             0
  3654             0
  3655             0
  3656             0
  3657             0
  3658             0
  3659             0
  3660             0
  3661             0
  3662             0
  3663             0
  3664             0
  3665             0
  3666             0
  3667             0
  3668             0
  3669             0
  3670             0
  3671             0
  3672             0
  3673             0
  3674             0
  3675             0
  3676             0
  3677             0
  3678             0
  3679             0
  3680             0
  3681             0
  3682             0
  3683             0
  3684             0
  3685             0
  3686             0
  3687             0
  3688             0
  3689             0
  3690             0
  3691             0
  3692             0
  3693             0
  3694             0
  3695             0
  3696             0
  3697             0
  3698             0
  3699             0
  3700             0
  3701             0
  3702             0
  3703             0
  3704             0
  3705             0
  3706             0
  3707             0
  3708             0
  3709             0
  3710             0
  3711             0
  3712             0
  3713             0
  3714             0
  3715             0
  3716             0
  3717             0
  3718             0
  3719             0
  3720             0
  3721             0
  3722             0
  3723             0
  3724             0
  3725             0
  3726             0
  3727             0
  3728             0
  3729             0
  3730             0
  3731             0
  3732             0
  3733             0
  3734             0
  3735             0
  3736             0
  3737             0
  3738             0
  3739             0
  3740             0
  3741             0
  3742             0
  3743             0
  3744             0
  3745             0
  3746             0
  3747             0
  3748             0
  3749             0
  3750             0
  3751             0
  3752             0
  3753             0
  3754             1
  3755             0
  3756             0
  3757             0
  3758             0
  3759             0
  3760             0
  3761             0
  3762             0
  3763             0
  3764             1
  3765             0
  3766             0
  3767             0
  3768             0
  3769             0
  3770             0
  3771             0
  3772             0
  3773             0
  3774             0
  3775             0
  3776             0
  3777             0
  3778             0
  3779             0
  3780             0
  3781             0
  3782             0
  3783             0
  3784             0
  3785             0
  3786             0
  3787             0
  3788             0
  3789             0
  3790             0
  3791             0
  3792             0
  3793             0
  3794             0
  3795             0
  3796             0
  3797             0
  3798             0
  3799             0
  3800             0
  3801             1
  3802             0
  3803             0
  3804             0
  3805             0
  3806             0
  3807             0
  3808             0
  3809             0
  3810             0
  3811             0
  3812             0
  3813             0
  3814             0
  3815             0
  3816             0
  3817             0
  3818             0
  3819             0
  3820             0
  3821             0
  3822             0
  3823             0
  3824             0
  3825             0
  3826             0
  3827             0
  3828             0
  3829             0
  3830             0
  3831             0
  3832             0
  3833             0
  3834             0
  3835             0
  3836             0
  3837             0
  3838             0
  3839             0
  3840             0
  3841             0
  3842             0
  3843             0
  3844             0
  3845             0
  3846             0
  3847             0
  3848             0
  3849             0
  3850             0
  3851             0
  3852             0
  3853             0
  3854             0
  3855             0
  3856             0
  3857             0
  3858             0
  3859             0
  3860             0
  3861             0
  3862             0
  3863             0
  3864             0
  3865             0
  3866             0
  3867             0
  3868             0
  3869             0
  3870             0
  3871             0
  3872             1
  3873             0
  3874             0
  3875             0
  3876             0
  3877             0
  3878             0
  3879             0
  3880             0
  3881             0
  3882             0
  3883             0
  3884             0
  3885             0
  3886             0
  3887             0
  3888             0
  3889             0
  3890             0
  3891             0
  3892             1
  3893             0
  3894             0
  3895             1
  3896             0
  3897             0
  3898             0
  3899             0
  3900             0
  3901             0
  3902             0
  3903             0
  3904             0
  3905             0
  3906             0
  3907             0
  3908             0
  3909             0
  3910             1
  3911             1
  3912             0
  3913             0
  3914             0
  3915             0
  3916             0
  3917             0
  3918             0
  3919             0
  3920             0
  3921             0
  3922             0
  3923             0
  3924             0
  3925             0
  3926             0
  3927             0
  3928             0
  3929             1
  3930             0
  3931             0
  3932             0
  3933             0
  3934             0
  3935             0
  3936             1
  3937             0
  3938             0
  3939             0
  3940             0
  3941             0
  3942             0
  3943             0
  3944             0
  3945             0
  3946             0
  3947             0
  3948             0
  3949             0
  3950             0
  3951             0
  3952             0
  3953             0
  3954             0
  3955             0
  3956             0
  3957             0
  3958             0
  3959             0
  3960             0
  3961             0
  3962             0
  3963             0
  3964             0
  3965             0
  3966             0
  3967             0
  3968             0
  3969             0
  3970             0
  3971             0
  3972             0
  3973             0
  3974             0
  3975             0
  3976             0
  3977             0
  3978             0
  3979             0
  3980             0
  3981             0
  3982             0
  3983             0
  3984             0
  3985             0
  3986             0
  3987             0
  3988             0
  3989             0
  3990             0
  3991             0
  3992             0
  3993             0
  3994             0
  3995             0
  3996             0
  3997             0
  3998             0
  3999             0
  4000             0
  4001             0
  4002             0
  4003             0
  4004             0
  4005             0
  4006             0
  4007             0
  4008             0
  4009             0
  4010             0
  4011             0
  4012             0
  4013             0
  4014             0
  4015             0
  4016             0
  4017             0
  4018             0
  4019             0
  4020             0
  4021             0
  4022             0
  4023             0
  4024             0
  4025             0
  4026             0
  4027             0
  4028             0
  4029             0
  4030             0
  4031             0
  4032             0
  4033             0
  4034             0
  4035             0
  4036             0
  4037             1
  4038             1
  4039             0
  4040             0
  4041             0
  4042             0
  4043             0
  4044             0
  4045             0
  4046             0
  4047             0
  4048             0
  4049             0
  4050             0
  4051             0
  4052             0
  4053             0
  4054             0
  4055             0
  4056             0
  4057             0
  4058             0
  4059             0
  4060             0
  4061             0
  4062             0
  4063             0
  4064             0
  4065             0
  4066             0
  4067             0
  4068             0
  4069             0
  4070             0
  4071             0
  4072             0
  4073             0
  4074             0
  4075             0
  4076             0
  4077             0
  4078             0
  4079             0
  4080             0
  4081             0
  4082             0
  4083             0
  4084             0
  4085             0
  4086             0
  4087             0
  4088             0
  4089             0
  4090             0
  4091             0
  4092             0
  4093             0
  4094             0
  4095             0
