     0        140384
     1        246440
     2        378473
     3        516874
     4        644546
     5        747835
     6        817547
     7        846117
     8        835338
     9        795555
    10        729717
    11        648911
    12        563537
    13        473397
    14        392154
    15        316691
    16        254438
    17        201923
    18        158549
    19        122390
    20         93427
    21         70810
    22         52969
    23         38307
    24         28147
    25         20012
    26         14850
    27         10567
    28          7433
    29          5412
    30          3759
    31          2645
    32          1856
    33          1242
    34           846
    35           620
    36           439
    37           290
    38           233
    39           164
    40           113
    41            91
    42            72
    43            65
    44            58
    45            38
    46            42
    47            31
    48            19
    49            26
    50            25
    51            21
    52            23
    53            16
    54            15
    55            23
    56            14
    57            22
    58            19
    59            21
    60            13
    61            17
    62            13
    63            20
    64            16
    65            13
    66            21
    67            12
    68            19
    69            25
    70            18
    71            25
    72            21
    73            21
    74            18
    75            10
    76            13
    77            18
    78             8
    79            12
    80            14
    81            11
    82             9
    83            13
    84            12
    85             9
    86            10
    87            14
    88            15
    89             7
    90            13
    91             9
    92            14
    93             9
    94             7
    95            10
    96             9
    97            10
    98            14
    99            13
   100            25
   101            12
   102            10
   103            15
   104            19
   105            15
   106            10
   107            14
   108            16
   109             5
   110             6
   111            16
   112            14
   113             7
   114            10
   115            11
   116            10
   117             8
   118             7
   119            20
   120            14
   121            13
   122             8
   123            13
   124            12
   125             9
   126            13
   127             7
   128            11
   129            10
   130             6
   131            13
   132            13
   133             6
   134            10
   135             7
   136             6
   137             8
   138             7
   139            11
   140            11
   141             8
   142             9
   143            10
   144             6
   145            13
   146             8
   147            11
   148            14
   149            10
   150             4
   151            13
   152             6
   153             8
   154            15
   155             4
   156             7
   157             9
   158             8
   159             2
   160             4
   161            10
   162             5
   163             7
   164             7
   165             3
   166             1
   167             9
   168             5
   169             6
   170            14
   171             9
   172            10
   173             9
   174             4
   175             5
   176             3
   177             7
   178            10
   179             6
   180             4
   181            12
   182             8
   183             6
   184             5
   185             3
   186             3
   187             8
   188             6
   189             9
   190            10
   191             8
   192             6
   193             7
   194             5
   195             6
   196             3
   197             6
   198             5
   199             6
   200             6
   201             9
   202             2
   203             5
   204             2
   205             9
   206             6
   207             5
   208             3
   209             2
   210             2
   211             4
   212             5
   213             5
   214             2
   215             9
   216             4
   217             3
   218             3
   219             3
   220             5
   221             8
   222             4
   223             1
   224             3
   225             1
   226            10
   227             1
   228             1
   229             4
   230             8
   231             6
   232             1
   233             5
   234             0
   235             2
   236             4
   237             7
   238             2
   239             3
   240             3
   241             4
   242             4
   243             1
   244             3
   245             7
   246             5
   247             3
   248             5
   249             3
   250             3
   251             6
   252             5
   253             2
   254             6
   255             3
   256             4
   257             4
   258             3
   259             5
   260             2
   261             3
   262             3
   263             5
   264             3
   265             6
   266             4
   267             5
   268             2
   269             3
   270             2
   271             3
   272             1
   273             1
   274             3
   275             4
   276             3
   277             6
   278             6
   279             7
   280             5
   281             3
   282             4
   283             1
   284             6
   285             1
   286             1
   287             0
   288             4
   289             3
   290             3
   291             1
   292             1
   293             3
   294             6
   295             4
   296             3
   297             2
   298             2
   299             3
   300             7
   301             1
   302             3
   303             2
   304             2
   305             6
   306             1
   307             1
   308             3
   309             5
   310             5
   311             6
   312             3
   313             3
   314             8
   315             7
   316             6
   317             3
   318             6
   319             4
   320            10
   321             9
   322             4
   323             9
   324             9
   325             8
   326             4
   327             7
   328             7
   329             8
   330             7
   331             5
   332            11
   333             6
   334             6
   335             6
   336             7
   337             6
   338             5
   339             4
   340            10
   341             3
   342             3
   343            10
   344             6
   345             2
   346            10
   347             9
   348             8
   349            10
   350             6
   351             2
   352             5
   353             7
   354             6
   355            10
   356             9
   357             8
   358             7
   359             9
   360            10
   361             4
   362            12
   363             7
   364             6
   365            10
   366             7
   367            10
   368             7
   369             6
   370             7
   371             8
   372            14
   373             5
   374             3
   375            12
   376            12
   377             7
   378             7
   379             8
   380             4
   381             8
   382             3
   383             6
   384             8
   385             8
   386             5
   387             6
   388             9
   389             6
   390             6
   391             4
   392             4
   393             8
   394             7
   395            11
   396             8
   397             8
   398            10
   399            10
   400             3
   401             7
   402            14
   403             6
   404             7
   405             8
   406            12
   407             9
   408            12
   409             9
   410            15
   411            11
   412             8
   413             8
   414             9
   415            13
   416             4
   417            15
   418             4
   419            12
   420             9
   421            13
   422            28
   423            12
   424            10
   425             8
   426             9
   427            19
   428            17
   429            23
   430            25
   431            20
   432            12
   433            20
   434            15
   435            13
   436            19
   437            20
   438            11
   439            19
   440            16
   441            20
   442            19
   443            25
   444            22
   445            33
   446            32
   447            31
   448            30
   449            33
   450            25
   451            35
   452            25
   453            17
   454            28
   455            29
   456            26
   457            30
   458            36
   459            46
   460            28
   461            22
   462            35
   463            28
   464            35
   465            33
   466            34
   467            33
   468            31
   469            28
   470            29
   471            36
   472            31
   473            31
   474            29
   475            34
   476            45
   477            35
   478            46
   479            43
   480            44
   481            32
   482            35
   483            35
   484            42
   485            36
   486            30
   487            48
   488            48
   489            34
   490            37
   491            34
   492            39
   493            53
   494            36
   495            47
   496            34
   497            31
   498            39
   499            41
   500            43
   501            31
   502            49
   503            35
   504            40
   505            49
   506            43
   507            43
   508            52
   509            55
   510            41
   511            38
   512            49
   513            48
   514            37
   515            41
   516            53
   517            25
   518            50
   519            37
   520            45
   521            47
   522            39
   523            47
   524            49
   525            50
   526            31
   527            48
   528            41
   529            50
   530            45
   531            38
   532            31
   533            36
   534            40
   535            31
   536            41
   537            52
   538            44
   539            35
   540            45
   541            53
   542            51
   543            41
   544            55
   545            46
   546            46
   547            46
   548            30
   549            34
   550            39
   551            32
   552            33
   553            30
   554            38
   555            43
   556            33
   557            31
   558            39
   559            39
   560            45
   561            36
   562            23
   563            29
   564            32
   565            36
   566            32
   567            35
   568            33
   569            38
   570            49
   571            33
   572            36
   573            36
   574            37
   575            28
   576            29
   577            39
   578            38
   579            38
   580            32
   581            41
   582            36
   583            33
   584            38
   585            20
   586            29
   587            35
   588            45
   589            39
   590            25
   591            29
   592            29
   593            42
   594            34
   595            23
   596            30
   597            35
   598            35
   599            36
   600            35
   601            36
   602            33
   603            33
   604            37
   605            30
   606            30
   607            35
   608            36
   609            26
   610            31
   611            23
   612            28
   613            41
   614            34
   615            19
   616            33
   617            32
   618            33
   619            33
   620            31
   621            31
   622            31
   623            29
   624            27
   625            31
   626            37
   627            32
   628            28
   629            50
   630            33
   631            38
   632            39
   633            34
   634            39
   635            34
   636            27
   637            40
   638            45
   639            45
   640            39
   641            28
   642            31
   643            31
   644            40
   645            29
   646            33
   647            37
   648            44
   649            44
   650            29
   651            32
   652            35
   653            37
   654            47
   655            25
   656            39
   657            37
   658            36
   659            41
   660            37
   661            40
   662            29
   663            30
   664            44
   665            42
   666            30
   667            31
   668            44
   669            36
   670            34
   671            46
   672            39
   673            45
   674            39
   675            37
   676            43
   677            37
   678            48
   679            42
   680            48
   681            31
   682            50
   683            38
   684            40
   685            41
   686            33
   687            57
   688            41
   689            29
   690            44
   691            38
   692            50
   693            47
   694            40
   695            49
   696            32
   697            37
   698            39
   699            43
   700            35
   701            45
   702            45
   703            48
   704            35
   705            32
   706            44
   707            37
   708            45
   709            39
   710            39
   711            50
   712            39
   713            51
   714            54
   715            40
   716            49
   717            35
   718            47
   719            46
   720            52
   721            46
   722            45
   723            47
   724            50
   725            57
   726            49
   727            54
   728            47
   729            53
   730            50
   731            48
   732            63
   733            53
   734            52
   735            36
   736            47
   737            39
   738            52
   739            58
   740            50
   741            68
   742            38
   743            47
   744            55
   745            36
   746            53
   747            43
   748            42
   749            38
   750            50
   751            51
   752            51
   753            47
   754            53
   755            45
   756            62
   757            52
   758            45
   759            47
   760            67
   761            58
   762            52
   763            38
   764            53
   765            47
   766            40
   767            38
   768            52
   769            55
   770            42
   771            46
   772            58
   773            41
   774            49
   775            54
   776            55
   777            53
   778            42
   779            48
   780            56
   781            50
   782            55
   783            42
   784            47
   785            54
   786            54
   787            45
   788            38
   789            53
   790            42
   791            65
   792            49
   793            45
   794            48
   795            44
   796            39
   797            60
   798            51
   799            51
   800            52
   801            52
   802            60
   803            51
   804            52
   805            55
   806            58
   807            51
   808            54
   809            49
   810            42
   811            43
   812            57
   813            41
   814            60
   815            44
   816            52
   817            57
   818            46
   819            58
   820            51
   821            66
   822            64
   823            52
   824            44
   825            63
   826            56
   827            54
   828            46
   829            42
   830            44
   831            48
   832            48
   833            50
   834            52
   835            51
   836            60
   837            44
   838            38
   839            45
   840            47
   841            40
   842            49
   843            59
   844            50
   845            54
   846            58
   847            49
   848            52
   849            52
   850            40
   851            59
   852            48
   853            56
   854            51
   855            50
   856            44
   857            55
   858            45
   859            39
   860            48
   861            46
   862            52
   863            43
   864            53
   865            43
   866            54
   867            50
   868            48
   869            54
   870            38
   871            57
   872            50
   873            60
   874            55
   875            50
   876            61
   877            61
   878            55
   879            52
   880            56
   881            57
   882            65
   883            45
   884            58
   885            54
   886            44
   887            52
   888            58
   889            45
   890            57
   891            63
   892            68
   893            51
   894            57
   895            58
   896            60
   897            61
   898            39
   899            69
   900            69
   901            41
   902            56
   903            45
   904            65
   905            48
   906            53
   907            54
   908            51
   909            54
   910            47
   911            49
   912            44
   913            45
   914            58
   915            54
   916            61
   917            55
   918            63
   919            60
   920            54
   921            59
   922            54
   923            61
   924            54
   925            54
   926            51
   927            55
   928            55
   929            50
   930            51
   931            52
   932            68
   933            49
   934            44
   935            71
   936            64
   937            52
   938            47
   939            56
   940            53
   941            49
   942            52
   943            48
   944            50
   945            54
   946            52
   947            49
   948            43
   949            49
   950            42
   951            51
   952            55
   953            48
   954            62
   955            50
   956            55
   957            60
   958            45
   959            62
   960            61
   961            50
   962            47
   963            51
   964            57
   965            53
   966            65
   967            56
   968            52
   969            58
   970            46
   971            62
   972            53
   973            59
   974            51
   975            48
   976            50
   977            58
   978            60
   979            49
   980            58
   981            45
   982            56
   983            57
   984            58
   985            44
   986            49
   987            50
   988            59
   989            65
   990            54
   991            50
   992            62
   993            63
   994            50
   995            53
   996            53
   997            54
   998            55
   999            52
  1000            49
  1001            50
  1002            67
  1003            56
  1004            51
  1005            52
  1006            45
  1007            46
  1008            49
  1009            53
  1010            46
  1011            38
  1012            55
  1013            59
  1014            55
  1015            54
  1016            64
  1017            54
  1018            64
  1019            47
  1020            54
  1021            61
  1022            59
  1023            54
  1024            51
  1025            60
  1026            39
  1027            58
  1028            50
  1029            36
  1030            65
  1031            43
  1032            53
  1033            55
  1034            44
  1035            38
  1036            47
  1037            60
  1038            52
  1039            49
  1040            60
  1041            57
  1042            48
  1043            53
  1044            55
  1045            50
  1046            57
  1047            35
  1048            45
  1049            53
  1050            52
  1051            59
  1052            52
  1053            45
  1054            63
  1055            67
  1056            39
  1057            43
  1058            60
  1059            52
  1060            44
  1061            45
  1062            48
  1063            50
  1064            60
  1065            58
  1066            50
  1067            45
  1068            51
  1069            47
  1070            57
  1071            54
  1072            38
  1073            58
  1074            44
  1075            57
  1076            58
  1077            51
  1078            48
  1079            61
  1080            59
  1081            45
  1082            39
  1083            54
  1084            57
  1085            47
  1086            56
  1087            58
  1088            53
  1089            42
  1090            54
  1091            50
  1092            53
  1093            49
  1094            56
  1095            45
  1096            56
  1097            43
  1098            58
  1099            50
  1100            50
  1101            43
  1102            43
  1103            49
  1104            37
  1105            47
  1106            57
  1107            43
  1108            50
  1109            51
  1110            59
  1111            50
  1112            48
  1113            39
  1114            51
  1115            53
  1116            52
  1117            45
  1118            40
  1119            49
  1120            47
  1121            58
  1122            43
  1123            45
  1124            37
  1125            37
  1126            45
  1127            46
  1128            53
  1129            33
  1130            39
  1131            47
  1132            41
  1133            50
  1134            47
  1135            42
  1136            32
  1137            47
  1138            50
  1139            50
  1140            42
  1141            43
  1142            48
  1143            42
  1144            31
  1145            51
  1146            41
  1147            36
  1148            40
  1149            39
  1150            49
  1151            55
  1152            33
  1153            36
  1154            46
  1155            33
  1156            43
  1157            45
  1158            50
  1159            50
  1160            43
  1161            53
  1162            49
  1163            28
  1164            38
  1165            46
  1166            48
  1167            41
  1168            33
  1169            47
  1170            41
  1171            45
  1172            41
  1173            38
  1174            41
  1175            37
  1176            33
  1177            48
  1178            45
  1179            46
  1180            48
  1181            50
  1182            22
  1183            41
  1184            31
  1185            24
  1186            33
  1187            39
  1188            31
  1189            30
  1190            42
  1191            30
  1192            35
  1193            30
  1194            45
  1195            33
  1196            52
  1197            44
  1198            35
  1199            34
  1200            38
  1201            37
  1202            40
  1203            38
  1204            42
  1205            44
  1206            28
  1207            32
  1208            27
  1209            33
  1210            28
  1211            48
  1212            28
  1213            41
  1214            35
  1215            25
  1216            22
  1217            38
  1218            41
  1219            24
  1220            30
  1221            30
  1222            39
  1223            42
  1224            43
  1225            30
  1226            30
  1227            39
  1228            33
  1229            27
  1230            29
  1231            31
  1232            34
  1233            33
  1234            35
  1235            21
  1236            30
  1237            34
  1238            27
  1239            36
  1240            30
  1241            36
  1242            28
  1243            42
  1244            38
  1245            40
  1246            24
  1247            21
  1248            32
  1249            32
  1250            30
  1251            34
  1252            23
  1253            29
  1254            37
  1255            34
  1256            32
  1257            31
  1258            37
  1259            37
  1260            26
  1261            26
  1262            31
  1263            20
  1264            42
  1265            18
  1266            16
  1267            31
  1268            24
  1269            26
  1270            24
  1271            34
  1272            28
  1273            19
  1274            29
  1275            35
  1276            27
  1277            35
  1278            24
  1279            23
  1280            29
  1281            28
  1282            28
  1283            31
  1284            34
  1285            25
  1286            26
  1287            26
  1288            30
  1289            31
  1290            36
  1291            28
  1292            22
  1293            24
  1294            27
  1295            25
  1296            28
  1297            27
  1298            26
  1299            24
  1300            26
  1301            20
  1302            23
  1303            17
  1304            18
  1305            26
  1306            21
  1307            29
  1308            25
  1309            27
  1310            18
  1311            21
  1312            28
  1313            18
  1314            19
  1315            22
  1316            25
  1317            18
  1318            30
  1319            26
  1320            27
  1321            20
  1322            15
  1323            27
  1324            25
  1325            28
  1326            27
  1327            16
  1328            14
  1329            25
  1330            18
  1331            17
  1332            17
  1333            17
  1334            19
  1335            19
  1336            21
  1337            21
  1338            20
  1339            19
  1340            26
  1341            22
  1342            18
  1343            18
  1344            10
  1345            17
  1346            21
  1347            16
  1348            19
  1349            16
  1350            21
  1351            23
  1352            22
  1353            18
  1354            17
  1355            15
  1356            19
  1357            12
  1358            14
  1359            13
  1360            16
  1361            16
  1362            21
  1363            23
  1364            13
  1365            19
  1366            19
  1367            18
  1368            15
  1369            18
  1370            11
  1371            20
  1372            21
  1373            13
  1374             9
  1375            18
  1376            13
  1377            17
  1378            17
  1379            15
  1380            13
  1381            16
  1382            10
  1383            13
  1384            14
  1385            24
  1386            10
  1387            15
  1388             7
  1389            10
  1390            14
  1391            17
  1392            14
  1393            18
  1394            17
  1395            21
  1396            16
  1397            23
  1398            14
  1399            21
  1400            12
  1401            10
  1402            13
  1403            16
  1404            10
  1405            16
  1406            14
  1407            19
  1408            17
  1409            15
  1410            15
  1411            13
  1412            11
  1413            26
  1414            16
  1415            13
  1416            16
  1417            16
  1418            12
  1419            14
  1420            21
  1421            15
  1422            14
  1423             6
  1424            18
  1425            13
  1426            15
  1427             5
  1428            13
  1429            21
  1430            11
  1431            20
  1432            13
  1433             4
  1434            12
  1435            14
  1436            13
  1437            12
  1438            14
  1439            10
  1440            20
  1441            16
  1442             9
  1443            11
  1444            13
  1445            12
  1446             5
  1447            13
  1448            12
  1449            12
  1450            10
  1451            12
  1452             9
  1453            15
  1454             8
  1455            11
  1456            13
  1457            10
  1458             8
  1459            11
  1460            12
  1461            19
  1462            10
  1463             8
  1464            11
  1465             9
  1466             7
  1467             9
  1468             4
  1469             9
  1470             9
  1471            13
  1472             8
  1473            12
  1474             9
  1475            12
  1476            11
  1477             9
  1478            13
  1479            12
  1480            10
  1481             8
  1482            17
  1483            10
  1484             7
  1485            10
  1486            13
  1487             6
  1488            13
  1489             5
  1490            16
  1491             8
  1492            10
  1493             5
  1494             6
  1495             3
  1496             7
  1497             8
  1498             9
  1499             4
  1500            10
  1501            15
  1502            14
  1503             5
  1504             6
  1505            15
  1506             6
  1507            16
  1508            13
  1509            15
  1510             8
  1511            10
  1512            11
  1513             6
  1514            15
  1515            12
  1516             6
  1517             6
  1518             8
  1519             7
  1520             7
  1521             6
  1522            14
  1523            10
  1524            11
  1525             7
  1526            16
  1527            10
  1528             9
  1529             7
  1530             7
  1531             7
  1532            11
  1533             9
  1534             3
  1535             6
  1536             9
  1537             4
  1538            13
  1539            12
  1540            15
  1541            10
  1542            10
  1543             9
  1544             7
  1545             5
  1546             9
  1547            11
  1548             1
  1549             8
  1550            10
  1551             7
  1552             6
  1553             6
  1554            15
  1555            10
  1556             6
  1557             6
  1558            11
  1559            11
  1560             3
  1561             8
  1562             9
  1563             6
  1564             4
  1565             6
  1566             6
  1567             8
  1568             4
  1569            13
  1570             5
  1571            11
  1572             9
  1573             8
  1574             6
  1575             5
  1576             5
  1577             7
  1578             8
  1579             6
  1580             1
  1581             8
  1582             8
  1583             8
  1584             8
  1585             3
  1586             9
  1587             4
  1588             4
  1589             8
  1590             5
  1591             6
  1592             3
  1593             4
  1594            11
  1595             2
  1596             6
  1597             8
  1598             8
  1599             4
  1600             6
  1601             8
  1602             5
  1603             7
  1604             5
  1605             6
  1606             8
  1607             2
  1608            11
  1609             7
  1610             6
  1611             5
  1612             3
  1613             6
  1614             5
  1615             3
  1616             5
  1617             8
  1618             4
  1619             5
  1620             5
  1621             6
  1622             9
  1623             8
  1624             3
  1625             6
  1626             7
  1627             6
  1628             7
  1629             1
  1630             6
  1631             5
  1632             7
  1633             3
  1634             5
  1635             7
  1636             4
  1637             8
  1638             8
  1639             5
  1640             6
  1641             6
  1642             4
  1643             2
  1644             6
  1645             4
  1646             5
  1647             8
  1648             5
  1649             1
  1650             9
  1651             3
  1652             5
  1653             8
  1654             9
  1655             4
  1656             6
  1657             6
  1658             6
  1659            12
  1660             6
  1661             7
  1662             5
  1663             6
  1664             6
  1665             6
  1666             7
  1667             6
  1668             5
  1669            12
  1670            12
  1671             5
  1672             6
  1673             8
  1674             4
  1675             3
  1676             6
  1677             4
  1678             1
  1679             7
  1680             6
  1681             7
  1682             2
  1683             5
  1684             4
  1685             5
  1686             6
  1687             6
  1688             5
  1689             4
  1690             8
  1691             3
  1692             3
  1693             6
  1694             7
  1695             7
  1696            10
  1697             4
  1698            11
  1699             2
  1700             7
  1701             3
  1702             9
  1703             6
  1704             5
  1705             5
  1706             4
  1707             3
  1708             3
  1709             9
  1710             9
  1711             5
  1712             8
  1713             2
  1714             7
  1715             7
  1716             8
  1717             6
  1718             8
  1719             7
  1720             5
  1721             6
  1722             9
  1723             2
  1724             7
  1725             4
  1726             6
  1727             6
  1728            10
  1729            12
  1730             3
  1731             4
  1732             5
  1733             3
  1734             6
  1735             2
  1736             7
  1737             2
  1738             3
  1739             6
  1740             4
  1741             7
  1742             6
  1743             7
  1744             8
  1745             5
  1746             5
  1747             7
  1748             4
  1749             4
  1750             7
  1751             4
  1752             7
  1753             2
  1754             5
  1755             9
  1756             8
  1757             8
  1758             9
  1759             4
  1760             5
  1761             5
  1762             7
  1763             6
  1764             7
  1765             4
  1766             5
  1767             2
  1768             2
  1769             3
  1770             5
  1771             7
  1772             7
  1773             6
  1774             4
  1775             5
  1776             4
  1777             6
  1778             3
  1779             7
  1780             5
  1781             8
  1782             5
  1783             4
  1784            10
  1785            11
  1786             3
  1787             4
  1788             7
  1789             8
  1790             4
  1791             5
  1792             5
  1793             4
  1794             5
  1795             5
  1796             3
  1797             8
  1798             5
  1799             7
  1800             2
  1801             9
  1802             5
  1803             8
  1804             3
  1805             4
  1806             4
  1807             4
  1808             7
  1809             4
  1810             4
  1811             5
  1812             5
  1813             4
  1814             7
  1815             7
  1816             8
  1817             4
  1818             4
  1819             4
  1820             3
  1821             6
  1822             5
  1823             4
  1824             6
  1825             7
  1826             7
  1827             7
  1828             5
  1829             1
  1830             5
  1831             2
  1832             3
  1833             3
  1834             6
  1835             3
  1836            11
  1837             5
  1838             3
  1839             2
  1840             2
  1841             7
  1842             9
  1843             6
  1844             8
  1845             5
  1846             6
  1847             7
  1848             6
  1849             3
  1850             2
  1851             6
  1852             6
  1853             6
  1854             7
  1855             6
  1856             8
  1857             8
  1858             6
  1859             6
  1860             9
  1861             5
  1862             6
  1863             5
  1864             4
  1865             4
  1866             5
  1867             3
  1868             4
  1869             6
  1870            10
  1871             3
  1872             3
  1873             7
  1874             6
  1875             5
  1876             4
  1877             2
  1878             6
  1879             7
  1880             4
  1881             6
  1882            10
  1883             4
  1884             7
  1885             1
  1886            10
  1887             6
  1888            12
  1889             6
  1890            13
  1891             8
  1892            10
  1893             3
  1894             3
  1895             3
  1896             4
  1897             1
  1898             4
  1899             8
  1900             2
  1901             5
  1902             9
  1903             5
  1904             6
  1905             2
  1906             6
  1907             5
  1908             9
  1909             8
  1910             6
  1911             7
  1912             7
  1913             4
  1914             3
  1915             3
  1916             4
  1917             5
  1918             4
  1919             5
  1920            10
  1921             7
  1922             6
  1923             2
  1924             5
  1925             4
  1926             5
  1927            12
  1928             4
  1929             5
  1930             4
  1931             4
  1932             4
  1933             5
  1934             4
  1935            10
  1936             8
  1937             3
  1938             2
  1939             5
  1940             6
  1941             8
  1942             6
  1943             5
  1944             1
  1945             6
  1946             5
  1947             6
  1948             2
  1949             7
  1950             2
  1951             5
  1952             2
  1953             4
  1954             4
  1955             2
  1956             7
  1957             7
  1958             5
  1959             5
  1960             9
  1961             2
  1962             8
  1963             3
  1964            11
  1965             5
  1966             8
  1967             5
  1968             9
  1969             7
  1970             9
  1971             4
  1972             3
  1973             2
  1974             8
  1975             5
  1976             3
  1977             0
  1978             5
  1979             3
  1980             2
  1981             5
  1982             3
  1983             6
  1984             8
  1985             6
  1986             6
  1987             2
  1988             2
  1989             5
  1990             7
  1991             4
  1992             3
  1993             8
  1994             6
  1995             4
  1996             6
  1997             3
  1998             5
  1999             3
  2000             5
  2001             7
  2002             5
  2003             7
  2004            10
  2005             9
  2006             6
  2007             2
  2008             5
  2009             2
  2010             5
  2011             3
  2012             6
  2013             5
  2014             3
  2015             4
  2016             3
  2017             5
  2018             6
  2019             4
  2020             4
  2021             6
  2022             9
  2023             9
  2024             3
  2025             7
  2026             3
  2027             5
  2028             7
  2029             8
  2030             6
  2031             1
  2032             7
  2033             8
  2034             6
  2035             5
  2036             8
  2037             2
  2038             5
  2039             4
  2040            11
  2041             3
  2042             2
  2043             3
  2044             3
  2045             3
  2046             4
  2047             5
  2048             8
  2049             3
  2050             7
  2051             5
  2052             1
  2053             2
  2054             3
  2055             7
  2056             5
  2057             5
  2058             3
  2059             2
  2060             7
  2061             2
  2062             3
  2063             6
  2064             7
  2065            11
  2066             3
  2067             8
  2068             5
  2069             6
  2070             5
  2071             5
  2072             2
  2073             4
  2074             6
  2075             3
  2076             8
  2077             8
  2078             4
  2079             2
  2080             3
  2081             4
  2082             3
  2083             5
  2084             1
  2085             3
  2086             3
  2087             4
  2088             6
  2089             6
  2090             2
  2091             3
  2092             2
  2093             7
  2094             6
  2095             2
  2096             4
  2097             5
  2098             3
  2099             4
  2100             3
  2101             4
  2102             5
  2103            10
  2104             7
  2105             7
  2106             5
  2107             3
  2108             2
  2109             4
  2110             3
  2111             7
  2112             7
  2113             4
  2114             5
  2115             2
  2116             5
  2117             3
  2118             7
  2119             5
  2120             5
  2121             3
  2122             4
  2123             8
  2124             4
  2125             3
  2126             3
  2127             3
  2128             7
  2129             3
  2130            10
  2131             3
  2132             4
  2133             4
  2134             5
  2135             2
  2136             4
  2137             8
  2138             7
  2139             1
  2140             3
  2141             1
  2142             5
  2143             5
  2144             8
  2145             2
  2146             8
  2147             7
  2148             3
  2149             7
  2150             4
  2151             6
  2152             4
  2153             2
  2154             3
  2155             3
  2156             6
  2157             9
  2158             3
  2159             3
  2160             3
  2161             3
  2162             9
  2163             3
  2164             5
  2165             8
  2166             5
  2167             2
  2168             3
  2169             5
  2170             7
  2171             3
  2172             3
  2173             1
  2174             5
  2175             3
  2176             4
  2177             5
  2178             1
  2179             5
  2180             8
  2181             4
  2182             5
  2183             2
  2184             3
  2185             5
  2186             5
  2187             4
  2188             6
  2189             2
  2190             3
  2191             6
  2192             5
  2193             0
  2194             5
  2195             3
  2196             2
  2197             5
  2198             6
  2199             2
  2200             5
  2201             8
  2202             7
  2203             4
  2204             5
  2205             3
  2206             5
  2207             2
  2208             6
  2209             3
  2210             7
  2211             2
  2212             8
  2213             6
  2214             7
  2215             4
  2216             4
  2217             5
  2218             3
  2219             1
  2220             5
  2221             0
  2222             7
  2223             6
  2224             3
  2225             6
  2226             0
  2227             0
  2228             3
  2229             1
  2230             6
  2231             2
  2232             3
  2233             4
  2234             1
  2235             5
  2236             4
  2237             4
  2238             2
  2239             4
  2240             6
  2241             6
  2242             2
  2243             9
  2244             5
  2245             3
  2246             4
  2247             3
  2248             2
  2249             3
  2250             7
  2251             5
  2252             0
  2253             2
  2254             4
  2255             1
  2256             6
  2257            10
  2258             2
  2259             3
  2260             1
  2261             2
  2262             2
  2263             2
  2264             2
  2265             3
  2266             1
  2267             1
  2268             9
  2269             1
  2270             1
  2271             5
  2272             2
  2273             3
  2274             2
  2275             7
  2276             5
  2277             1
  2278             1
  2279             3
  2280             4
  2281             4
  2282             5
  2283             4
  2284             5
  2285             2
  2286             4
  2287             2
  2288             3
  2289             3
  2290             4
  2291             1
  2292             3
  2293             2
  2294             2
  2295             2
  2296             2
  2297             3
  2298             5
  2299             2
  2300             2
  2301             1
  2302             0
  2303             2
  2304             6
  2305             6
  2306             6
  2307             2
  2308             3
  2309             2
  2310             3
  2311             2
  2312             6
  2313             3
  2314             6
  2315             4
  2316             2
  2317             3
  2318             2
  2319             2
  2320             7
  2321             3
  2322             5
  2323             5
  2324             1
  2325             3
  2326             4
  2327             5
  2328             3
  2329             6
  2330             5
  2331             4
  2332             2
  2333             1
  2334             3
  2335             5
  2336             4
  2337             3
  2338             3
  2339             4
  2340             4
  2341             7
  2342             3
  2343             3
  2344             0
  2345             7
  2346             1
  2347             5
  2348             4
  2349             4
  2350             3
  2351             4
  2352             4
  2353             1
  2354             3
  2355             0
  2356             2
  2357             2
  2358             1
  2359             1
  2360             3
  2361             5
  2362             4
  2363             2
  2364             3
  2365             0
  2366             4
  2367             1
  2368             4
  2369             2
  2370             2
  2371             1
  2372             6
  2373             1
  2374             4
  2375             3
  2376             2
  2377             2
  2378             3
  2379             2
  2380             1
  2381             0
  2382             2
  2383             5
  2384             0
  2385             9
  2386             4
  2387             1
  2388             2
  2389             2
  2390             0
  2391             5
  2392             3
  2393             3
  2394             4
  2395             4
  2396             1
  2397             2
  2398             2
  2399             2
  2400             3
  2401             2
  2402             3
  2403             1
  2404             4
  2405             2
  2406             5
  2407             2
  2408             2
  2409             3
  2410             5
  2411             2
  2412             2
  2413             4
  2414             6
  2415             5
  2416             3
  2417             0
  2418             0
  2419             1
  2420             3
  2421             0
  2422             1
  2423             1
  2424             1
  2425             1
  2426             4
  2427             2
  2428             3
  2429             2
  2430             3
  2431             4
  2432             2
  2433             4
  2434             3
  2435             6
  2436             2
  2437             1
  2438             2
  2439             2
  2440             2
  2441             4
  2442             1
  2443             4
  2444             3
  2445             2
  2446             2
  2447             0
  2448             2
  2449             3
  2450             3
  2451             2
  2452             1
  2453             4
  2454             1
  2455             3
  2456             3
  2457             3
  2458             1
  2459             1
  2460             0
  2461             1
  2462             3
  2463             2
  2464             3
  2465             2
  2466             2
  2467             4
  2468             4
  2469             2
  2470             3
  2471             1
  2472             5
  2473             1
  2474             3
  2475             3
  2476             3
  2477             0
  2478             3
  2479             4
  2480             1
  2481             2
  2482             3
  2483             2
  2484             3
  2485             1
  2486             3
  2487             3
  2488             1
  2489             0
  2490             2
  2491             1
  2492             4
  2493             1
  2494             3
  2495             2
  2496             4
  2497             2
  2498             2
  2499             3
  2500             4
  2501             3
  2502             3
  2503             1
  2504             0
  2505             3
  2506             2
  2507             3
  2508             2
  2509             2
  2510             2
  2511             2
  2512             1
  2513             1
  2514             1
  2515             5
  2516             3
  2517             1
  2518             2
  2519             4
  2520             3
  2521             5
  2522             3
  2523             4
  2524             5
  2525             0
  2526             3
  2527             2
  2528             3
  2529             1
  2530             2
  2531             4
  2532             0
  2533             1
  2534             1
  2535             3
  2536             3
  2537             1
  2538             0
  2539             2
  2540             1
  2541             0
  2542             0
  2543             3
  2544             2
  2545             4
  2546             5
  2547             1
  2548             3
  2549             1
  2550             0
  2551             0
  2552             2
  2553             0
  2554             1
  2555             2
  2556             2
  2557             0
  2558             1
  2559             1
  2560             1
  2561             1
  2562             0
  2563             0
  2564             1
  2565             0
  2566             3
  2567             2
  2568             4
  2569             3
  2570             2
  2571             2
  2572             1
  2573             2
  2574             1
  2575             1
  2576             1
  2577             3
  2578             3
  2579             1
  2580             1
  2581             1
  2582             2
  2583             5
  2584             0
  2585             1
  2586             1
  2587             4
  2588             5
  2589             1
  2590             5
  2591             3
  2592             0
  2593             4
  2594             4
  2595             2
  2596             0
  2597             0
  2598             1
  2599             4
  2600             1
  2601             2
  2602             0
  2603             1
  2604             1
  2605             3
  2606             1
  2607             2
  2608             1
  2609             0
  2610             2
  2611             5
  2612             1
  2613             3
  2614             3
  2615             0
  2616             2
  2617             3
  2618             3
  2619             1
  2620             3
  2621             5
  2622             2
  2623             2
  2624             3
  2625             1
  2626             0
  2627             2
  2628             1
  2629             2
  2630             1
  2631             3
  2632             1
  2633             4
  2634             3
  2635             0
  2636             4
  2637             3
  2638             1
  2639             0
  2640             2
  2641             0
  2642             1
  2643             3
  2644             2
  2645             1
  2646             2
  2647             0
  2648             2
  2649             1
  2650             3
  2651             1
  2652             1
  2653             0
  2654             2
  2655             2
  2656             0
  2657             2
  2658             3
  2659             4
  2660             3
  2661             1
  2662             0
  2663             2
  2664             1
  2665             2
  2666             1
  2667             2
  2668             0
  2669             2
  2670             1
  2671             2
  2672             0
  2673             1
  2674             3
  2675             2
  2676             1
  2677             2
  2678             2
  2679             2
  2680             0
  2681             3
  2682             1
  2683             2
  2684             2
  2685             0
  2686             1
  2687             2
  2688             0
  2689             2
  2690             1
  2691             0
  2692             0
  2693             2
  2694             0
  2695             1
  2696             0
  2697             2
  2698             1
  2699             4
  2700             0
  2701             1
  2702             3
  2703             2
  2704             0
  2705             1
  2706             1
  2707             2
  2708             0
  2709             0
  2710             0
  2711             1
  2712             0
  2713             1
  2714             0
  2715             1
  2716             1
  2717             1
  2718             4
  2719             1
  2720             2
  2721             1
  2722             1
  2723             0
  2724             2
  2725             1
  2726             2
  2727             1
  2728             0
  2729             3
  2730             0
  2731             4
  2732             0
  2733             3
  2734             1
  2735             3
  2736             2
  2737             1
  2738             1
  2739             3
  2740             3
  2741             0
  2742             1
  2743             1
  2744             2
  2745             2
  2746             0
  2747             2
  2748             0
  2749             1
  2750             1
  2751             1
  2752             1
  2753             3
  2754             1
  2755             1
  2756             1
  2757             0
  2758             1
  2759             1
  2760             1
  2761             1
  2762             1
  2763             1
  2764             2
  2765             2
  2766             3
  2767             1
  2768             1
  2769             2
  2770             1
  2771             2
  2772             1
  2773             1
  2774             3
  2775             0
  2776             2
  2777             2
  2778             0
  2779             1
  2780             2
  2781             2
  2782             1
  2783             2
  2784             4
  2785             2
  2786             0
  2787             0
  2788             1
  2789             4
  2790             1
  2791             2
  2792             0
  2793             3
  2794             0
  2795             0
  2796             1
  2797             1
  2798             1
  2799             1
  2800             3
  2801             1
  2802             0
  2803             1
  2804             1
  2805             0
  2806             2
  2807             0
  2808             0
  2809             2
  2810             1
  2811             2
  2812             1
  2813             0
  2814             2
  2815             1
  2816             0
  2817             2
  2818             3
  2819             1
  2820             2
  2821             2
  2822             1
  2823             0
  2824             1
  2825             0
  2826             2
  2827             2
  2828             0
  2829             0
  2830             1
  2831             1
  2832             1
  2833             3
  2834             1
  2835             0
  2836             0
  2837             2
  2838             0
  2839             0
  2840             0
  2841             0
  2842             1
  2843             2
  2844             0
  2845             2
  2846             2
  2847             1
  2848             1
  2849             1
  2850             2
  2851             3
  2852             1
  2853             0
  2854             0
  2855             1
  2856             1
  2857             2
  2858             0
  2859             2
  2860             1
  2861             0
  2862             0
  2863             1
  2864             3
  2865             3
  2866             0
  2867             1
  2868             1
  2869             3
  2870             2
  2871             0
  2872             1
  2873             1
  2874             0
  2875             2
  2876             1
  2877             4
  2878             1
  2879             1
  2880             1
  2881             0
  2882             3
  2883             1
  2884             1
  2885             0
  2886             3
  2887             0
  2888             2
  2889             0
  2890             2
  2891             1
  2892             0
  2893             0
  2894             0
  2895             1
  2896             1
  2897             1
  2898             0
  2899             2
  2900             3
  2901             0
  2902             1
  2903             1
  2904             0
  2905             2
  2906             0
  2907             0
  2908             0
  2909             0
  2910             0
  2911             1
  2912             1
  2913             2
  2914             4
  2915             1
  2916             1
  2917             1
  2918             0
  2919             0
  2920             1
  2921             0
  2922             1
  2923             0
  2924             1
  2925             0
  2926             2
  2927             1
  2928             0
  2929             2
  2930             0
  2931             1
  2932             3
  2933             2
  2934             2
  2935             0
  2936             0
  2937             0
  2938             0
  2939             0
  2940             0
  2941             0
  2942             1
  2943             0
  2944             2
  2945             0
  2946             0
  2947             0
  2948             1
  2949             0
  2950             1
  2951             0
  2952             2
  2953             0
  2954             2
  2955             2
  2956             1
  2957             2
  2958             3
  2959             1
  2960             0
  2961             1
  2962             0
  2963             0
  2964             1
  2965             1
  2966             0
  2967             0
  2968             0
  2969             1
  2970             0
  2971             0
  2972             2
  2973             1
  2974             1
  2975             0
  2976             0
  2977             1
  2978             1
  2979             0
  2980             1
  2981             1
  2982             0
  2983             2
  2984             2
  2985             0
  2986             1
  2987             0
  2988             0
  2989             2
  2990             1
  2991             3
  2992             0
  2993             0
  2994             2
  2995             1
  2996             0
  2997             3
  2998             2
  2999             1
  3000             0
  3001             0
  3002             2
  3003             1
  3004             0
  3005             0
  3006             1
  3007             4
  3008             1
  3009             2
  3010             0
  3011             0
  3012             0
  3013             0
  3014             1
  3015             0
  3016             1
  3017             0
  3018             0
  3019             1
  3020             2
  3021             1
  3022             0
  3023             3
  3024             0
  3025             0
  3026             1
  3027             1
  3028             0
  3029             1
  3030             0
  3031             0
  3032             0
  3033             0
  3034             1
  3035             2
  3036             1
  3037             0
  3038             1
  3039             1
  3040             0
  3041             0
  3042             1
  3043             0
  3044             0
  3045             1
  3046             0
  3047             0
  3048             0
  3049             2
  3050             0
  3051             0
  3052             0
  3053             0
  3054             3
  3055             1
  3056             0
  3057             1
  3058             2
  3059             1
  3060             0
  3061             1
  3062             0
  3063             0
  3064             0
  3065             1
  3066             2
  3067             0
  3068             0
  3069             1
  3070             0
  3071             0
  3072             1
  3073             0
  3074             2
  3075             1
  3076             0
  3077             2
  3078             1
  3079             0
  3080             1
  3081             1
  3082             0
  3083             1
  3084             1
  3085             0
  3086             1
  3087             0
  3088             1
  3089             0
  3090             0
  3091             0
  3092             0
  3093             0
  3094             0
  3095             2
  3096             0
  3097             0
  3098             0
  3099             0
  3100             1
  3101             0
  3102             1
  3103             0
  3104             0
  3105             2
  3106             1
  3107             2
  3108             0
  3109             1
  3110             1
  3111             3
  3112             2
  3113             1
  3114             1
  3115             2
  3116             1
  3117             0
  3118             1
  3119             0
  3120             1
  3121             0
  3122             0
  3123             1
  3124             1
  3125             2
  3126             0
  3127             0
  3128             0
  3129             0
  3130             2
  3131             0
  3132             1
  3133             0
  3134             0
  3135             0
  3136             1
  3137             0
  3138             0
  3139             0
  3140             1
  3141             0
  3142             0
  3143             0
  3144             0
  3145             1
  3146             1
  3147             2
  3148             1
  3149             2
  3150             1
  3151             0
  3152             0
  3153             0
  3154             0
  3155             2
  3156             0
  3157             0
  3158             1
  3159             3
  3160             0
  3161             0
  3162             0
  3163             1
  3164             1
  3165             0
  3166             0
  3167             0
  3168             1
  3169             1
  3170             1
  3171             0
  3172             0
  3173             0
  3174             1
  3175             1
  3176             1
  3177             1
  3178             0
  3179             0
  3180             1
  3181             0
  3182             0
  3183             1
  3184             0
  3185             0
  3186             1
  3187             3
  3188             1
  3189             0
  3190             0
  3191             1
  3192             0
  3193             0
  3194             1
  3195             0
  3196             2
  3197             0
  3198             2
  3199             0
  3200             1
  3201             0
  3202             1
  3203             0
  3204             1
  3205             0
  3206             0
  3207             2
  3208             0
  3209             1
  3210             1
  3211             1
  3212             0
  3213             2
  3214             1
  3215             1
  3216             1
  3217             0
  3218             0
  3219             0
  3220             0
  3221             0
  3222             1
  3223             0
  3224             1
  3225             0
  3226             0
  3227             0
  3228             1
  3229             2
  3230             0
  3231             1
  3232             2
  3233             1
  3234             1
  3235             0
  3236             1
  3237             2
  3238             1
  3239             0
  3240             1
  3241             0
  3242             0
  3243             1
  3244             0
  3245             0
  3246             0
  3247             0
  3248             0
  3249             1
  3250             0
  3251             0
  3252             1
  3253             0
  3254             0
  3255             2
  3256             1
  3257             1
  3258             0
  3259             0
  3260             0
  3261             0
  3262             1
  3263             1
  3264             1
  3265             0
  3266             0
  3267             1
  3268             0
  3269             0
  3270             1
  3271             2
  3272             0
  3273             0
  3274             0
  3275             1
  3276             1
  3277             1
  3278             0
  3279             1
  3280             0
  3281             2
  3282             0
  3283             0
  3284             1
  3285             1
  3286             0
  3287             1
  3288             1
  3289             0
  3290             2
  3291             0
  3292             0
  3293             0
  3294             0
  3295             2
  3296             0
  3297             1
  3298             0
  3299             1
  3300             1
  3301             1
  3302             1
  3303             1
  3304             0
  3305             0
  3306             0
  3307             0
  3308             1
  3309             0
  3310             0
  3311             0
  3312             1
  3313             0
  3314             1
  3315             0
  3316             1
  3317             0
  3318             0
  3319             0
  3320             0
  3321             1
  3322             1
  3323             1
  3324             1
  3325             1
  3326             1
  3327             0
  3328             0
  3329             1
  3330             0
  3331             2
  3332             1
  3333             0
  3334             1
  3335             1
  3336             1
  3337             0
  3338             0
  3339             0
  3340             2
  3341             0
  3342             0
  3343             1
  3344             0
  3345             0
  3346             1
  3347             1
  3348             2
  3349             1
  3350             0
  3351             1
  3352             0
  3353             1
  3354             1
  3355             0
  3356             1
  3357             1
  3358             1
  3359             0
  3360             0
  3361             1
  3362             0
  3363             0
  3364             0
  3365             0
  3366             1
  3367             1
  3368             1
  3369             2
  3370             0
  3371             2
  3372             1
  3373             1
  3374             0
  3375             1
  3376             2
  3377             0
  3378             0
  3379             0
  3380             0
  3381             0
  3382             1
  3383             0
  3384             1
  3385             1
  3386             0
  3387             0
  3388             0
  3389             0
  3390             0
  3391             0
  3392             1
  3393             0
  3394             1
  3395             0
  3396             0
  3397             0
  3398             0
  3399             0
  3400             0
  3401             0
  3402             0
  3403             2
  3404             2
  3405             1
  3406             0
  3407             2
  3408             2
  3409             1
  3410             1
  3411             0
  3412             1
  3413             1
  3414             0
  3415             1
  3416             1
  3417             0
  3418             0
  3419             1
  3420             0
  3421             1
  3422             0
  3423             1
  3424             0
  3425             3
  3426             0
  3427             1
  3428             0
  3429             2
  3430             2
  3431             1
  3432             0
  3433             0
  3434             0
  3435             0
  3436             2
  3437             1
  3438             0
  3439             0
  3440             1
  3441             1
  3442             1
  3443             0
  3444             2
  3445             0
  3446             0
  3447             0
  3448             0
  3449             1
  3450             1
  3451             1
  3452             2
  3453             2
  3454             1
  3455             2
  3456             0
  3457             0
  3458             0
  3459             0
  3460             0
  3461             0
  3462             1
  3463             0
  3464             0
  3465             2
  3466             3
  3467             0
  3468             0
  3469             1
  3470             0
  3471             0
  3472             0
  3473             0
  3474             0
  3475             1
  3476             0
  3477             0
  3478             1
  3479             0
  3480             0
  3481             0
  3482             1
  3483             0
  3484             0
  3485             0
  3486             0
  3487             1
  3488             1
  3489             0
  3490             0
  3491             2
  3492             1
  3493             3
  3494             0
  3495             1
  3496             0
  3497             1
  3498             0
  3499             1
  3500             0
  3501             1
  3502             0
  3503             1
  3504             2
  3505             0
  3506             0
  3507             0
  3508             0
  3509             0
  3510             1
  3511             0
  3512             0
  3513             1
  3514             0
  3515             0
  3516             1
  3517             0
  3518             0
  3519             1
  3520             1
  3521             0
  3522             1
  3523             0
  3524             0
  3525             2
  3526             0
  3527             1
  3528             0
  3529             0
  3530             0
  3531             0
  3532             1
  3533             0
  3534             0
  3535             0
  3536             0
  3537             0
  3538             0
  3539             0
  3540             0
  3541             0
  3542             1
  3543             1
  3544             0
  3545             1
  3546             2
  3547             0
  3548             1
  3549             1
  3550             2
  3551             2
  3552             0
  3553             1
  3554             0
  3555             0
  3556             1
  3557             0
  3558             0
  3559             0
  3560             0
  3561             1
  3562             1
  3563             0
  3564             0
  3565             0
  3566             1
  3567             0
  3568             0
  3569             1
  3570             0
  3571             2
  3572             0
  3573             1
  3574             2
  3575             1
  3576             0
  3577             1
  3578             0
  3579             1
  3580             0
  3581             0
  3582             1
  3583             0
  3584             0
  3585             0
  3586             1
  3587             1
  3588             0
  3589             0
  3590             3
  3591             0
  3592             0
  3593             1
  3594             1
  3595             1
  3596             4
  3597             0
  3598             0
  3599             0
  3600             0
  3601             1
  3602             0
  3603             0
  3604             1
  3605             0
  3606             0
  3607             0
  3608             0
  3609             1
  3610             2
  3611             0
  3612             1
  3613             0
  3614             0
  3615             1
  3616             1
  3617             1
  3618             1
  3619             0
  3620             0
  3621             0
  3622             0
  3623             0
  3624             0
  3625             0
  3626             1
  3627             1
  3628             0
  3629             2
  3630             0
  3631             0
  3632             0
  3633             0
  3634             1
  3635             0
  3636             0
  3637             1
  3638             1
  3639             0
  3640             0
  3641             0
  3642             0
  3643             0
  3644             0
  3645             0
  3646             0
  3647             0
  3648             1
  3649             0
  3650             0
  3651             0
  3652             0
  3653             0
  3654             0
  3655             2
  3656             0
  3657             1
  3658             1
  3659             0
  3660             1
  3661             0
  3662             1
  3663             0
  3664             1
  3665             0
  3666             0
  3667             1
  3668             2
  3669             0
  3670             0
  3671             0
  3672             1
  3673             0
  3674             0
  3675             0
  3676             1
  3677             1
  3678             0
  3679             1
  3680             2
  3681             0
  3682             0
  3683             0
  3684             0
  3685             0
  3686             0
  3687             0
  3688             0
  3689             2
  3690             0
  3691             1
  3692             1
  3693             3
  3694             0
  3695             0
  3696             0
  3697             1
  3698             0
  3699             0
  3700             1
  3701             1
  3702             0
  3703             2
  3704             0
  3705             0
  3706             1
  3707             0
  3708             0
  3709             0
  3710             1
  3711             2
  3712             0
  3713             0
  3714             1
  3715             1
  3716             0
  3717             1
  3718             0
  3719             1
  3720             0
  3721             1
  3722             0
  3723             0
  3724             0
  3725             1
  3726             2
  3727             0
  3728             1
  3729             1
  3730             0
  3731             0
  3732             0
  3733             0
  3734             1
  3735             1
  3736             0
  3737             0
  3738             0
  3739             0
  3740             2
  3741             1
  3742             0
  3743             1
  3744             1
  3745             0
  3746             2
  3747             0
  3748             0
  3749             0
  3750             0
  3751             0
  3752             0
  3753             0
  3754             0
  3755             0
  3756             0
  3757             0
  3758             1
  3759             0
  3760             0
  3761             0
  3762             0
  3763             2
  3764             0
  3765             1
  3766             1
  3767             0
  3768             2
  3769             1
  3770             0
  3771             0
  3772             0
  3773             1
  3774             0
  3775             0
  3776             1
  3777             0
  3778             0
  3779             1
  3780             0
  3781             0
  3782             0
  3783             0
  3784             1
  3785             1
  3786             0
  3787             0
  3788             1
  3789             0
  3790             0
  3791             0
  3792             1
  3793             0
  3794             0
  3795             0
  3796             0
  3797             0
  3798             0
  3799             0
  3800             0
  3801             1
  3802             0
  3803             0
  3804             0
  3805             0
  3806             1
  3807             0
  3808             1
  3809             0
  3810             0
  3811             0
  3812             1
  3813             0
  3814             0
  3815             0
  3816             0
  3817             0
  3818             1
  3819             2
  3820             0
  3821             0
  3822             1
  3823             0
  3824             0
  3825             1
  3826             0
  3827             0
  3828             1
  3829             0
  3830             0
  3831             0
  3832             0
  3833             0
  3834             0
  3835             0
  3836             0
  3837             0
  3838             0
  3839             0
  3840             0
  3841             0
  3842             0
  3843             0
  3844             0
  3845             1
  3846             0
  3847             0
  3848             1
  3849             1
  3850             1
  3851             1
  3852             0
  3853             1
  3854             1
  3855             0
  3856             1
  3857             0
  3858             0
  3859             0
  3860             0
  3861             0
  3862             1
  3863             2
  3864             3
  3865             0
  3866             0
  3867             2
  3868             0
  3869             0
  3870             0
  3871             0
  3872             2
  3873             1
  3874             0
  3875             1
  3876             0
  3877             0
  3878             1
  3879             0
  3880             0
  3881             0
  3882             0
  3883             0
  3884             0
  3885             0
  3886             0
  3887             1
  3888             0
  3889             0
  3890             1
  3891             2
  3892             0
  3893             0
  3894             1
  3895             1
  3896             0
  3897             0
  3898             1
  3899             2
  3900             1
  3901             0
  3902             1
  3903             0
  3904             0
  3905             0
  3906             0
  3907             1
  3908             0
  3909             1
  3910             0
  3911             1
  3912             0
  3913             0
  3914             0
  3915             1
  3916             0
  3917             0
  3918             0
  3919             0
  3920             1
  3921             0
  3922             1
  3923             0
  3924             0
  3925             0
  3926             0
  3927             0
  3928             0
  3929             1
  3930             0
  3931             1
  3932             0
  3933             0
  3934             0
  3935             0
  3936             1
  3937             1
  3938             0
  3939             0
  3940             2
  3941             0
  3942             0
  3943             0
  3944             1
  3945             0
  3946             0
  3947             0
  3948             0
  3949             1
  3950             0
  3951             2
  3952             1
  3953             0
  3954             1
  3955             1
  3956             0
  3957             0
  3958             1
  3959             0
  3960             0
  3961             0
  3962             0
  3963             2
  3964             1
  3965             0
  3966             0
  3967             0
  3968             0
  3969             0
  3970             0
  3971             0
  3972             0
  3973             0
  3974             1
  3975             1
  3976             0
  3977             0
  3978             0
  3979             0
  3980             0
  3981             0
  3982             0
  3983             0
  3984             0
  3985             0
  3986             0
  3987             0
  3988             0
  3989             1
  3990             0
  3991             0
  3992             0
  3993             0
  3994             0
  3995             0
  3996             0
  3997             0
  3998             1
  3999             0
  4000             0
  4001             1
  4002             0
  4003             0
  4004             1
  4005             0
  4006             1
  4007             0
  4008             0
  4009             1
  4010             0
  4011             1
  4012             0
  4013             3
  4014             0
  4015             0
  4016             0
  4017             0
  4018             0
  4019             0
  4020             0
  4021             0
  4022             0
  4023             1
  4024             0
  4025             0
  4026             0
  4027             0
  4028             1
  4029             0
  4030             1
  4031             0
  4032             1
  4033             0
  4034             0
  4035             0
  4036             1
  4037             1
  4038             0
  4039             1
  4040             0
  4041             0
  4042             2
  4043             0
  4044             0
  4045             1
  4046             1
  4047             0
  4048             0
  4049             0
  4050             1
  4051             1
  4052             0
  4053             0
  4054             0
  4055             0
  4056             0
  4057             0
  4058             0
  4059             1
  4060             0
  4061             0
  4062             0
  4063             1
  4064             0
  4065             1
  4066             0
  4067             1
  4068             1
  4069             0
  4070             2
  4071             0
  4072             0
  4073             0
  4074             1
  4075             1
  4076             1
  4077             2
  4078             1
  4079             0
  4080             1
  4081             1
  4082             1
  4083             0
  4084             0
  4085             0
  4086             0
  4087             0
  4088             0
  4089             0
  4090             0
  4091             0
  4092             0
  4093             0
  4094             0
  4095             0
