     0          1254
     1         64826
     2        760116
     3       2563765
     4       3488424
     5       2847417
     6       1802706
     7       1009234
     8        526956
     9        268875
    10        138365
    11         72698
    12         38720
    13         21614
    14         11797
    15          6534
    16          3808
    17          2241
    18          1325
    19           785
    20           463
    21           282
    22           134
    23           106
    24            79
    25            46
    26            34
    27            25
    28            21
    29            25
    30            24
    31            26
    32            49
    33            44
    34            30
    35            31
    36            26
    37            33
    38            16
    39            11
    40            12
    41            13
    42            10
    43            11
    44            10
    45             9
    46             8
    47            10
    48             8
    49             6
    50             6
    51             3
    52             7
    53             8
    54             8
    55            11
    56            10
    57            13
    58            14
    59            16
    60            23
    61            15
    62            20
    63            21
    64            15
    65            17
    66            23
    67            21
    68            12
    69            19
    70            12
    71            15
    72            10
    73            23
    74            13
    75             5
    76             8
    77             9
    78             7
    79             8
    80             9
    81             6
    82             5
    83             6
    84             5
    85             3
    86             6
    87             5
    88             5
    89             6
    90             2
    91            11
    92             1
    93             6
    94             1
    95             7
    96             6
    97             6
    98             6
    99             8
   100             8
   101            11
   102             7
   103             5
   104             8
   105             7
   106            13
   107             9
   108             8
   109            21
   110             8
   111             9
   112             7
   113             8
   114            14
   115             4
   116             6
   117            10
   118             9
   119            18
   120            15
   121            12
   122            10
   123            11
   124            10
   125             8
   126             9
   127            12
   128            10
   129             7
   130             5
   131            10
   132             9
   133             7
   134             4
   135             8
   136             4
   137             8
   138             5
   139             6
   140             4
   141             3
   142             3
   143             7
   144             1
   145             4
   146             4
   147             3
   148             6
   149             1
   150             3
   151             4
   152             5
   153             4
   154             4
   155             6
   156             8
   157             6
   158             4
   159             2
   160             8
   161             3
   162             5
   163             5
   164             6
   165             7
   166             6
   167             6
   168             4
   169             1
   170             7
   171             7
   172             7
   173             9
   174             2
   175             2
   176             3
   177             4
   178             6
   179             2
   180             6
   181             5
   182             6
   183             6
   184            11
   185             7
   186             8
   187             5
   188             2
   189            10
   190            11
   191             7
   192             8
   193             2
   194             4
   195             9
   196             4
   197             9
   198             3
   199             6
   200             5
   201             5
   202             5
   203             6
   204            10
   205             4
   206             6
   207             4
   208             8
   209             1
   210             4
   211             2
   212            10
   213             5
   214             7
   215             3
   216             5
   217             3
   218             2
   219             6
   220             2
   221             2
   222             1
   223             4
   224             1
   225             8
   226             4
   227             3
   228             2
   229             2
   230             4
   231             2
   232             5
   233             2
   234             1
   235             1
   236             2
   237             7
   238             0
   239             2
   240             4
   241             0
   242             1
   243             5
   244             3
   245             3
   246             1
   247             1
   248             4
   249             3
   250             1
   251             1
   252             4
   253             3
   254             3
   255             3
   256             1
   257             0
   258             1
   259             4
   260             1
   261             2
   262             1
   263             4
   264             2
   265             2
   266             4
   267             0
   268             3
   269             2
   270             5
   271             1
   272             3
   273             5
   274             1
   275             2
   276             7
   277             6
   278             4
   279             4
   280             1
   281             5
   282             4
   283             6
   284             0
   285             8
   286             3
   287             5
   288             1
   289             3
   290             2
   291             1
   292             3
   293             2
   294             8
   295             4
   296             7
   297             6
   298             2
   299             7
   300             3
   301             5
   302             1
   303             3
   304             2
   305             3
   306             2
   307             5
   308             2
   309             1
   310             5
   311             3
   312             3
   313             1
   314             1
   315             8
   316             6
   317             3
   318             4
   319             3
   320             4
   321             1
   322             4
   323             3
   324             4
   325             1
   326             5
   327             0
   328             3
   329             3
   330             2
   331             3
   332             1
   333             5
   334             2
   335             2
   336             4
   337             3
   338             4
   339             2
   340             3
   341             2
   342             0
   343             2
   344             5
   345             1
   346             3
   347             2
   348             2
   349             6
   350             4
   351             2
   352             1
   353             3
   354             4
   355             5
   356             1
   357             2
   358             2
   359             1
   360             4
   361             3
   362             2
   363             1
   364             5
   365             6
   366             1
   367             2
   368             2
   369             0
   370             0
   371             4
   372             1
   373             4
   374             1
   375             3
   376             2
   377             7
   378             3
   379             4
   380             3
   381             0
   382             2
   383             3
   384             4
   385             2
   386             3
   387             0
   388             4
   389             2
   390             3
   391             2
   392             2
   393             4
   394             3
   395             1
   396             4
   397             1
   398             1
   399             3
   400             2
   401             1
   402             2
   403             3
   404             0
   405             2
   406             1
   407             1
   408             0
   409             3
   410             3
   411             1
   412             0
   413             1
   414             1
   415             0
   416             2
   417             3
   418             1
   419             1
   420             0
   421             2
   422             2
   423             2
   424             0
   425             2
   426             1
   427             0
   428             0
   429             2
   430             0
   431             5
   432             3
   433             1
   434             2
   435             0
   436             2
   437             2
   438             2
   439             1
   440             3
   441             3
   442             4
   443             0
   444             3
   445             3
   446             3
   447             2
   448             4
   449             0
   450             0
   451             3
   452             1
   453             1
   454             1
   455             6
   456             0
   457             4
   458             1
   459             3
   460             1
   461             1
   462             1
   463             2
   464             5
   465             2
   466             4
   467             2
   468             2
   469             1
   470             0
   471             3
   472             2
   473             3
   474             2
   475             4
   476             1
   477             2
   478             3
   479             2
   480             0
   481             1
   482             0
   483             2
   484             2
   485             2
   486             3
   487             2
   488             0
   489             0
   490             2
   491             0
   492             1
   493             2
   494             1
   495             1
   496             1
   497             1
   498             3
   499             3
   500             0
   501             4
   502             0
   503             1
   504             1
   505             5
   506             1
   507             2
   508             0
   509             6
   510             1
   511             2
   512             3
   513             1
   514             3
   515             7
   516             5
   517             1
   518             3
   519             2
   520             0
   521             1
   522             0
   523             1
   524             1
   525             1
   526             1
   527             1
   528             1
   529             0
   530             2
   531             2
   532             0
   533             1
   534             4
   535             3
   536             1
   537             2
   538             8
   539             1
   540             4
   541             0
   542             3
   543             0
   544             1
   545             0
   546             2
   547             0
   548             1
   549             0
   550             2
   551             2
   552             1
   553             1
   554             1
   555             0
   556             1
   557             2
   558             3
   559             1
   560             0
   561             2
   562             0
   563             4
   564             1
   565             2
   566             1
   567             3
   568             4
   569             0
   570             0
   571             2
   572             4
   573             1
   574             2
   575             2
   576             0
   577             2
   578             0
   579             1
   580             2
   581             0
   582             0
   583             1
   584             2
   585             2
   586             2
   587             0
   588             1
   589             1
   590             2
   591             3
   592             0
   593             3
   594             3
   595             1
   596             0
   597             0
   598             1
   599             0
   600             1
   601             0
   602             2
   603             1
   604             2
   605             2
   606             3
   607             1
   608             2
   609             0
   610             3
   611             2
   612             1
   613             2
   614             1
   615             1
   616             0
   617             1
   618             2
   619             1
   620             0
   621             2
   622             1
   623             1
   624             1
   625             0
   626             4
   627             1
   628             1
   629             2
   630             0
   631             3
   632             1
   633             0
   634             1
   635             2
   636             0
   637             1
   638             0
   639             2
   640             0
   641             2
   642             2
   643             1
   644             2
   645             1
   646             0
   647             1
   648             1
   649             1
   650             1
   651             2
   652             1
   653             2
   654             1
   655             0
   656             2
   657             0
   658             1
   659             1
   660             0
   661             1
   662             1
   663             2
   664             3
   665             1
   666             1
   667             1
   668             2
   669             0
   670             1
   671             2
   672             2
   673             0
   674             3
   675             0
   676             1
   677             0
   678             2
   679             2
   680             1
   681             2
   682             3
   683             0
   684             2
   685             0
   686             4
   687             2
   688             2
   689             0
   690             0
   691             0
   692             3
   693             0
   694             2
   695             0
   696             0
   697             1
   698             1
   699             1
   700             1
   701             2
   702             1
   703             1
   704             3
   705             1
   706             0
   707             2
   708             0
   709             2
   710             1
   711             2
   712             0
   713             2
   714             0
   715             1
   716             0
   717             1
   718             1
   719             3
   720             1
   721             1
   722             0
   723             0
   724             2
   725             1
   726             0
   727             0
   728             1
   729             1
   730             0
   731             1
   732             1
   733             3
   734             0
   735             2
   736             2
   737             2
   738             0
   739             4
   740             0
   741             4
   742             1
   743             1
   744             0
   745             1
   746             1
   747             2
   748             0
   749             0
   750             1
   751             0
   752             1
   753             0
   754             0
   755             0
   756             2
   757             0
   758             0
   759             1
   760             1
   761             1
   762             1
   763             1
   764             0
   765             0
   766             2
   767             2
   768             1
   769             2
   770             0
   771             0
   772             0
   773             1
   774             1
   775             0
   776             1
   777             0
   778             0
   779             2
   780             2
   781             2
   782             1
   783             1
   784             2
   785             1
   786             1
   787             2
   788             0
   789             1
   790             0
   791             0
   792             2
   793             1
   794             0
   795             1
   796             1
   797             1
   798             1
   799             0
   800             1
   801             0
   802             2
   803             1
   804             0
   805             3
   806             0
   807             1
   808             0
   809             1
   810             0
   811             1
   812             2
   813             3
   814             0
   815             0
   816             0
   817             0
   818             0
   819             1
   820             1
   821             2
   822             2
   823             3
   824             0
   825             0
   826             0
   827             0
   828             3
   829             2
   830             0
   831             0
   832             1
   833             1
   834             1
   835             0
   836             1
   837             1
   838             0
   839             0
   840             2
   841             1
   842             3
   843             0
   844             2
   845             2
   846             1
   847             0
   848             0
   849             2
   850             2
   851             1
   852             0
   853             0
   854             0
   855             1
   856             0
   857             0
   858             2
   859             0
   860             0
   861             1
   862             0
   863             2
   864             0
   865             0
   866             2
   867             1
   868             1
   869             3
   870             2
   871             0
   872             0
   873             1
   874             0
   875             0
   876             0
   877             0
   878             1
   879             0
   880             5
   881             1
   882             2
   883             0
   884             1
   885             1
   886             1
   887             0
   888             1
   889             1
   890             1
   891             1
   892             1
   893             0
   894             1
   895             0
   896             1
   897             0
   898             1
   899             0
   900             1
   901             0
   902             0
   903             1
   904             2
   905             0
   906             1
   907             2
   908             0
   909             0
   910             0
   911             1
   912             0
   913             0
   914             1
   915             1
   916             0
   917             1
   918             3
   919             1
   920             0
   921             0
   922             0
   923             1
   924             2
   925             0
   926             0
   927             0
   928             1
   929             0
   930             0
   931             0
   932             2
   933             0
   934             1
   935             1
   936             1
   937             1
   938             2
   939             0
   940             1
   941             0
   942             3
   943             0
   944             0
   945             0
   946             1
   947             1
   948             1
   949             0
   950             0
   951             1
   952             1
   953             3
   954             0
   955             1
   956             1
   957             1
   958             0
   959             1
   960             2
   961             2
   962             0
   963             0
   964             0
   965             0
   966             2
   967             0
   968             1
   969             1
   970             1
   971             0
   972             2
   973             1
   974             2
   975             1
   976             0
   977             0
   978             0
   979             0
   980             1
   981             0
   982             1
   983             1
   984             0
   985             1
   986             0
   987             0
   988             2
   989             0
   990             3
   991             0
   992             2
   993             0
   994             0
   995             0
   996             1
   997             1
   998             1
   999             1
  1000             0
  1001             2
  1002             0
  1003             0
  1004             0
  1005             0
  1006             1
  1007             0
  1008             2
  1009             0
  1010             1
  1011             0
  1012             0
  1013             1
  1014             0
  1015             0
  1016             1
  1017             1
  1018             0
  1019             0
  1020             1
  1021             0
  1022             0
  1023             0
  1024             1
  1025             0
  1026             0
  1027             0
  1028             1
  1029             0
  1030             0
  1031             1
  1032             0
  1033             2
  1034             0
  1035             0
  1036             1
  1037             1
  1038             1
  1039             0
  1040             0
  1041             0
  1042             0
  1043             1
  1044             0
  1045             0
  1046             1
  1047             0
  1048             0
  1049             0
  1050             0
  1051             0
  1052             1
  1053             0
  1054             1
  1055             2
  1056             0
  1057             1
  1058             0
  1059             2
  1060             1
  1061             0
  1062             1
  1063             0
  1064             2
  1065             1
  1066             1
  1067             0
  1068             0
  1069             0
  1070             0
  1071             2
  1072             0
  1073             2
  1074             0
  1075             1
  1076             0
  1077             0
  1078             0
  1079             1
  1080             0
  1081             0
  1082             1
  1083             2
  1084             0
  1085             1
  1086             0
  1087             0
  1088             0
  1089             1
  1090             1
  1091             0
  1092             0
  1093             1
  1094             1
  1095             1
  1096             0
  1097             0
  1098             1
  1099             1
  1100             0
  1101             0
  1102             1
  1103             1
  1104             0
  1105             0
  1106             3
  1107             1
  1108             2
  1109             3
  1110             0
  1111             0
  1112             1
  1113             1
  1114             1
  1115             1
  1116             0
  1117             1
  1118             0
  1119             1
  1120             2
  1121             0
  1122             1
  1123             1
  1124             0
  1125             0
  1126             0
  1127             0
  1128             0
  1129             0
  1130             0
  1131             0
  1132             0
  1133             1
  1134             0
  1135             0
  1136             1
  1137             1
  1138             1
  1139             1
  1140             2
  1141             1
  1142             0
  1143             0
  1144             0
  1145             0
  1146             0
  1147             0
  1148             0
  1149             0
  1150             0
  1151             0
  1152             0
  1153             0
  1154             1
  1155             1
  1156             0
  1157             0
  1158             0
  1159             1
  1160             0
  1161             1
  1162             0
  1163             0
  1164             0
  1165             1
  1166             1
  1167             2
  1168             0
  1169             0
  1170             0
  1171             0
  1172             0
  1173             0
  1174             1
  1175             0
  1176             0
  1177             0
  1178             0
  1179             1
  1180             1
  1181             0
  1182             2
  1183             1
  1184             0
  1185             1
  1186             0
  1187             0
  1188             0
  1189             1
  1190             1
  1191             1
  1192             1
  1193             0
  1194             1
  1195             0
  1196             1
  1197             0
  1198             1
  1199             0
  1200             1
  1201             0
  1202             0
  1203             0
  1204             0
  1205             0
  1206             0
  1207             0
  1208             2
  1209             0
  1210             0
  1211             1
  1212             1
  1213             0
  1214             1
  1215             0
  1216             1
  1217             1
  1218             0
  1219             0
  1220             0
  1221             1
  1222             0
  1223             2
  1224             0
  1225             0
  1226             0
  1227             0
  1228             1
  1229             0
  1230             1
  1231             0
  1232             1
  1233             0
  1234             1
  1235             1
  1236             0
  1237             1
  1238             0
  1239             1
  1240             0
  1241             1
  1242             0
  1243             1
  1244             0
  1245             0
  1246             0
  1247             0
  1248             0
  1249             0
  1250             0
  1251             2
  1252             0
  1253             1
  1254             0
  1255             1
  1256             1
  1257             0
  1258             0
  1259             1
  1260             1
  1261             0
  1262             0
  1263             1
  1264             0
  1265             1
  1266             1
  1267             0
  1268             0
  1269             2
  1270             1
  1271             1
  1272             0
  1273             1
  1274             0
  1275             0
  1276             0
  1277             0
  1278             0
  1279             2
  1280             0
  1281             1
  1282             0
  1283             0
  1284             0
  1285             1
  1286             0
  1287             0
  1288             1
  1289             0
  1290             0
  1291             0
  1292             0
  1293             0
  1294             0
  1295             0
  1296             1
  1297             0
  1298             0
  1299             0
  1300             0
  1301             0
  1302             0
  1303             1
  1304             1
  1305             0
  1306             0
  1307             0
  1308             0
  1309             1
  1310             1
  1311             0
  1312             0
  1313             1
  1314             1
  1315             1
  1316             1
  1317             0
  1318             1
  1319             0
  1320             1
  1321             0
  1322             0
  1323             1
  1324             2
  1325             0
  1326             0
  1327             0
  1328             0
  1329             0
  1330             1
  1331             0
  1332             0
  1333             1
  1334             1
  1335             0
  1336             0
  1337             0
  1338             0
  1339             0
  1340             0
  1341             0
  1342             0
  1343             0
  1344             1
  1345             1
  1346             0
  1347             1
  1348             0
  1349             0
  1350             0
  1351             0
  1352             0
  1353             0
  1354             1
  1355             0
  1356             0
  1357             0
  1358             0
  1359             1
  1360             0
  1361             0
  1362             0
  1363             1
  1364             0
  1365             0
  1366             1
  1367             0
  1368             0
  1369             0
  1370             0
  1371             2
  1372             0
  1373             2
  1374             0
  1375             0
  1376             0
  1377             0
  1378             0
  1379             0
  1380             1
  1381             0
  1382             0
  1383             0
  1384             1
  1385             0
  1386             0
  1387             0
  1388             0
  1389             0
  1390             0
  1391             0
  1392             0
  1393             0
  1394             0
  1395             0
  1396             1
  1397             0
  1398             1
  1399             0
  1400             0
  1401             0
  1402             0
  1403             0
  1404             0
  1405             0
  1406             1
  1407             0
  1408             0
  1409             0
  1410             0
  1411             1
  1412             0
  1413             0
  1414             0
  1415             0
  1416             1
  1417             1
  1418             0
  1419             1
  1420             0
  1421             0
  1422             1
  1423             0
  1424             0
  1425             0
  1426             1
  1427             1
  1428             0
  1429             0
  1430             0
  1431             1
  1432             0
  1433             1
  1434             1
  1435             0
  1436             0
  1437             0
  1438             0
  1439             2
  1440             1
  1441             1
  1442             2
  1443             2
  1444             1
  1445             0
  1446             0
  1447             0
  1448             1
  1449             0
  1450             0
  1451             0
  1452             1
  1453             0
  1454             1
  1455             0
  1456             0
  1457             0
  1458             1
  1459             1
  1460             0
  1461             0
  1462             0
  1463             0
  1464             0
  1465             0
  1466             2
  1467             0
  1468             0
  1469             0
  1470             2
  1471             0
  1472             1
  1473             1
  1474             0
  1475             0
  1476             0
  1477             0
  1478             0
  1479             0
  1480             0
  1481             0
  1482             0
  1483             2
  1484             1
  1485             0
  1486             0
  1487             1
  1488             0
  1489             1
  1490             0
  1491             0
  1492             0
  1493             0
  1494             2
  1495             0
  1496             0
  1497             0
  1498             0
  1499             1
  1500             1
  1501             0
  1502             0
  1503             1
  1504             0
  1505             0
  1506             0
  1507             0
  1508             1
  1509             0
  1510             0
  1511             0
  1512             1
  1513             1
  1514             0
  1515             1
  1516             2
  1517             0
  1518             0
  1519             0
  1520             0
  1521             0
  1522             2
  1523             0
  1524             0
  1525             0
  1526             0
  1527             0
  1528             0
  1529             0
  1530             0
  1531             0
  1532             0
  1533             0
  1534             0
  1535             1
  1536             0
  1537             2
  1538             0
  1539             1
  1540             0
  1541             0
  1542             0
  1543             1
  1544             0
  1545             0
  1546             0
  1547             0
  1548             1
  1549             0
  1550             0
  1551             0
  1552             0
  1553             0
  1554             0
  1555             0
  1556             0
  1557             0
  1558             0
  1559             0
  1560             0
  1561             0
  1562             0
  1563             0
  1564             0
  1565             0
  1566             1
  1567             0
  1568             1
  1569             0
  1570             1
  1571             0
  1572             0
  1573             0
  1574             0
  1575             0
  1576             0
  1577             1
  1578             0
  1579             1
  1580             0
  1581             0
  1582             1
  1583             0
  1584             0
  1585             0
  1586             1
  1587             0
  1588             0
  1589             0
  1590             0
  1591             0
  1592             0
  1593             0
  1594             0
  1595             0
  1596             0
  1597             0
  1598             0
  1599             0
  1600             0
  1601             0
  1602             1
  1603             0
  1604             0
  1605             0
  1606             0
  1607             1
  1608             0
  1609             0
  1610             0
  1611             1
  1612             1
  1613             0
  1614             0
  1615             0
  1616             0
  1617             1
  1618             1
  1619             0
  1620             1
  1621             0
  1622             0
  1623             1
  1624             0
  1625             0
  1626             1
  1627             0
  1628             0
  1629             0
  1630             0
  1631             0
  1632             0
  1633             0
  1634             1
  1635             1
  1636             0
  1637             0
  1638             1
  1639             1
  1640             0
  1641             0
  1642             0
  1643             0
  1644             0
  1645             0
  1646             1
  1647             0
  1648             2
  1649             0
  1650             1
  1651             0
  1652             1
  1653             0
  1654             0
  1655             0
  1656             0
  1657             0
  1658             0
  1659             0
  1660             0
  1661             0
  1662             0
  1663             0
  1664             1
  1665             1
  1666             0
  1667             0
  1668             0
  1669             1
  1670             0
  1671             2
  1672             0
  1673             0
  1674             0
  1675             1
  1676             0
  1677             0
  1678             0
  1679             0
  1680             0
  1681             2
  1682             1
  1683             0
  1684             0
  1685             0
  1686             0
  1687             1
  1688             0
  1689             1
  1690             0
  1691             0
  1692             0
  1693             1
  1694             0
  1695             0
  1696             0
  1697             0
  1698             1
  1699             0
  1700             1
  1701             1
  1702             0
  1703             0
  1704             0
  1705             0
  1706             0
  1707             0
  1708             0
  1709             0
  1710             0
  1711             0
  1712             1
  1713             1
  1714             0
  1715             0
  1716             0
  1717             0
  1718             1
  1719             1
  1720             0
  1721             1
  1722             0
  1723             0
  1724             0
  1725             1
  1726             1
  1727             2
  1728             0
  1729             0
  1730             0
  1731             1
  1732             0
  1733             0
  1734             0
  1735             0
  1736             0
  1737             0
  1738             0
  1739             0
  1740             0
  1741             0
  1742             0
  1743             0
  1744             0
  1745             0
  1746             0
  1747             0
  1748             0
  1749             0
  1750             0
  1751             1
  1752             0
  1753             1
  1754             0
  1755             0
  1756             0
  1757             0
  1758             0
  1759             0
  1760             0
  1761             0
  1762             0
  1763             3
  1764             0
  1765             0
  1766             0
  1767             0
  1768             0
  1769             1
  1770             0
  1771             0
  1772             2
  1773             0
  1774             1
  1775             0
  1776             0
  1777             1
  1778             0
  1779             1
  1780             0
  1781             0
  1782             0
  1783             2
  1784             0
  1785             1
  1786             0
  1787             1
  1788             0
  1789             0
  1790             0
  1791             0
  1792             0
  1793             0
  1794             0
  1795             0
  1796             0
  1797             0
  1798             0
  1799             1
  1800             0
  1801             0
  1802             1
  1803             0
  1804             0
  1805             0
  1806             0
  1807             0
  1808             0
  1809             0
  1810             0
  1811             0
  1812             1
  1813             0
  1814             0
  1815             0
  1816             0
  1817             2
  1818             1
  1819             1
  1820             1
  1821             0
  1822             1
  1823             0
  1824             0
  1825             1
  1826             0
  1827             1
  1828             0
  1829             0
  1830             0
  1831             0
  1832             0
  1833             0
  1834             0
  1835             0
  1836             0
  1837             1
  1838             0
  1839             1
  1840             0
  1841             0
  1842             0
  1843             0
  1844             1
  1845             0
  1846             0
  1847             0
  1848             0
  1849             0
  1850             0
  1851             0
  1852             0
  1853             0
  1854             0
  1855             0
  1856             1
  1857             1
  1858             0
  1859             0
  1860             0
  1861             0
  1862             1
  1863             0
  1864             0
  1865             0
  1866             0
  1867             0
  1868             0
  1869             1
  1870             0
  1871             0
  1872             0
  1873             1
  1874             0
  1875             0
  1876             1
  1877             0
  1878             0
  1879             0
  1880             1
  1881             1
  1882             0
  1883             1
  1884             0
  1885             0
  1886             0
  1887             0
  1888             0
  1889             0
  1890             0
  1891             0
  1892             0
  1893             0
  1894             0
  1895             0
  1896             0
  1897             1
  1898             0
  1899             0
  1900             0
  1901             1
  1902             0
  1903             0
  1904             0
  1905             0
  1906             0
  1907             0
  1908             0
  1909             0
  1910             0
  1911             0
  1912             0
  1913             0
  1914             0
  1915             0
  1916             0
  1917             0
  1918             0
  1919             0
  1920             0
  1921             0
  1922             0
  1923             0
  1924             0
  1925             0
  1926             0
  1927             0
  1928             0
  1929             1
  1930             0
  1931             0
  1932             0
  1933             0
  1934             0
  1935             1
  1936             0
  1937             0
  1938             1
  1939             0
  1940             0
  1941             0
  1942             0
  1943             1
  1944             0
  1945             0
  1946             0
  1947             0
  1948             0
  1949             1
  1950             0
  1951             0
  1952             0
  1953             0
  1954             0
  1955             0
  1956             0
  1957             0
  1958             0
  1959             0
  1960             1
  1961             0
  1962             0
  1963             0
  1964             0
  1965             0
  1966             0
  1967             0
  1968             0
  1969             0
  1970             1
  1971             1
  1972             0
  1973             0
  1974             0
  1975             2
  1976             0
  1977             0
  1978             0
  1979             0
  1980             0
  1981             0
  1982             0
  1983             0
  1984             2
  1985             0
  1986             0
  1987             0
  1988             1
  1989             0
  1990             1
  1991             0
  1992             0
  1993             0
  1994             0
  1995             0
  1996             0
  1997             1
  1998             0
  1999             1
  2000             0
  2001             1
  2002             0
  2003             0
  2004             1
  2005             0
  2006             2
  2007             0
  2008             0
  2009             0
  2010             0
  2011             1
  2012             0
  2013             0
  2014             0
  2015             0
  2016             0
  2017             0
  2018             0
  2019             0
  2020             0
  2021             0
  2022             0
  2023             0
  2024             0
  2025             0
  2026             0
  2027             0
  2028             0
  2029             0
  2030             0
  2031             0
  2032             0
  2033             0
  2034             0
  2035             0
  2036             1
  2037             0
  2038             0
  2039             0
  2040             0
  2041             1
  2042             0
  2043             0
  2044             0
  2045             0
  2046             0
  2047             0
  2048             0
  2049             1
  2050             0
  2051             0
  2052             0
  2053             0
  2054             0
  2055             1
  2056             0
  2057             0
  2058             1
  2059             0
  2060             0
  2061             0
  2062             0
  2063             0
  2064             0
  2065             1
  2066             0
  2067             0
  2068             0
  2069             0
  2070             0
  2071             0
  2072             0
  2073             0
  2074             0
  2075             0
  2076             0
  2077             1
  2078             0
  2079             0
  2080             1
  2081             0
  2082             0
  2083             0
  2084             0
  2085             0
  2086             0
  2087             0
  2088             0
  2089             0
  2090             0
  2091             0
  2092             0
  2093             0
  2094             0
  2095             0
  2096             0
  2097             0
  2098             0
  2099             0
  2100             1
  2101             1
  2102             0
  2103             1
  2104             0
  2105             0
  2106             0
  2107             0
  2108             1
  2109             0
  2110             0
  2111             1
  2112             0
  2113             1
  2114             0
  2115             0
  2116             0
  2117             0
  2118             0
  2119             0
  2120             1
  2121             0
  2122             1
  2123             0
  2124             0
  2125             0
  2126             0
  2127             0
  2128             0
  2129             0
  2130             0
  2131             0
  2132             0
  2133             0
  2134             0
  2135             0
  2136             0
  2137             1
  2138             0
  2139             0
  2140             0
  2141             1
  2142             1
  2143             1
  2144             0
  2145             1
  2146             0
  2147             0
  2148             0
  2149             0
  2150             1
  2151             1
  2152             1
  2153             0
  2154             0
  2155             0
  2156             0
  2157             0
  2158             0
  2159             0
  2160             0
  2161             0
  2162             0
  2163             0
  2164             1
  2165             0
  2166             0
  2167             0
  2168             0
  2169             0
  2170             0
  2171             0
  2172             0
  2173             0
  2174             0
  2175             0
  2176             0
  2177             0
  2178             1
  2179             0
  2180             0
  2181             0
  2182             1
  2183             1
  2184             1
  2185             0
  2186             0
  2187             0
  2188             0
  2189             0
  2190             0
  2191             1
  2192             0
  2193             0
  2194             0
  2195             0
  2196             0
  2197             1
  2198             0
  2199             0
  2200             0
  2201             1
  2202             0
  2203             0
  2204             0
  2205             1
  2206             0
  2207             1
  2208             0
  2209             0
  2210             0
  2211             0
  2212             0
  2213             0
  2214             0
  2215             0
  2216             0
  2217             1
  2218             0
  2219             0
  2220             0
  2221             0
  2222             0
  2223             0
  2224             0
  2225             0
  2226             0
  2227             0
  2228             0
  2229             1
  2230             1
  2231             0
  2232             1
  2233             0
  2234             0
  2235             0
  2236             0
  2237             0
  2238             0
  2239             0
  2240             0
  2241             0
  2242             0
  2243             0
  2244             0
  2245             0
  2246             0
  2247             0
  2248             0
  2249             0
  2250             0
  2251             1
  2252             0
  2253             0
  2254             0
  2255             0
  2256             0
  2257             0
  2258             1
  2259             1
  2260             0
  2261             0
  2262             0
  2263             0
  2264             0
  2265             1
  2266             1
  2267             0
  2268             0
  2269             0
  2270             0
  2271             0
  2272             0
  2273             0
  2274             1
  2275             1
  2276             0
  2277             1
  2278             1
  2279             0
  2280             0
  2281             0
  2282             1
  2283             0
  2284             0
  2285             0
  2286             0
  2287             0
  2288             0
  2289             2
  2290             0
  2291             0
  2292             0
  2293             0
  2294             0
  2295             0
  2296             0
  2297             0
  2298             0
  2299             0
  2300             1
  2301             0
  2302             1
  2303             0
  2304             0
  2305             0
  2306             1
  2307             0
  2308             0
  2309             0
  2310             0
  2311             0
  2312             0
  2313             0
  2314             1
  2315             0
  2316             0
  2317             1
  2318             0
  2319             0
  2320             0
  2321             0
  2322             0
  2323             0
  2324             0
  2325             0
  2326             0
  2327             0
  2328             0
  2329             0
  2330             0
  2331             0
  2332             0
  2333             0
  2334             0
  2335             0
  2336             0
  2337             0
  2338             0
  2339             0
  2340             0
  2341             0
  2342             1
  2343             0
  2344             0
  2345             0
  2346             0
  2347             0
  2348             0
  2349             1
  2350             0
  2351             0
  2352             0
  2353             0
  2354             0
  2355             0
  2356             0
  2357             0
  2358             0
  2359             1
  2360             0
  2361             0
  2362             0
  2363             0
  2364             0
  2365             0
  2366             0
  2367             0
  2368             0
  2369             0
  2370             0
  2371             0
  2372             0
  2373             1
  2374             0
  2375             0
  2376             0
  2377             0
  2378             0
  2379             1
  2380             0
  2381             1
  2382             0
  2383             0
  2384             0
  2385             0
  2386             0
  2387             0
  2388             0
  2389             0
  2390             0
  2391             0
  2392             0
  2393             1
  2394             0
  2395             0
  2396             0
  2397             0
  2398             0
  2399             0
  2400             1
  2401             0
  2402             0
  2403             0
  2404             0
  2405             0
  2406             0
  2407             0
  2408             1
  2409             0
  2410             0
  2411             0
  2412             0
  2413             2
  2414             0
  2415             0
  2416             0
  2417             0
  2418             0
  2419             0
  2420             0
  2421             1
  2422             0
  2423             0
  2424             0
  2425             0
  2426             0
  2427             0
  2428             0
  2429             0
  2430             0
  2431             0
  2432             0
  2433             0
  2434             0
  2435             1
  2436             0
  2437             0
  2438             0
  2439             0
  2440             1
  2441             0
  2442             0
  2443             0
  2444             0
  2445             0
  2446             0
  2447             0
  2448             0
  2449             0
  2450             0
  2451             0
  2452             0
  2453             0
  2454             0
  2455             0
  2456             0
  2457             0
  2458             0
  2459             1
  2460             0
  2461             0
  2462             0
  2463             0
  2464             0
  2465             0
  2466             0
  2467             0
  2468             0
  2469             0
  2470             0
  2471             0
  2472             0
  2473             0
  2474             0
  2475             0
  2476             0
  2477             0
  2478             0
  2479             0
  2480             0
  2481             0
  2482             0
  2483             0
  2484             0
  2485             0
  2486             0
  2487             1
  2488             0
  2489             0
  2490             0
  2491             0
  2492             1
  2493             0
  2494             0
  2495             0
  2496             0
  2497             0
  2498             0
  2499             0
  2500             1
  2501             0
  2502             0
  2503             1
  2504             0
  2505             0
  2506             0
  2507             0
  2508             1
  2509             0
  2510             0
  2511             0
  2512             0
  2513             0
  2514             0
  2515             1
  2516             0
  2517             0
  2518             0
  2519             0
  2520             1
  2521             0
  2522             0
  2523             1
  2524             0
  2525             0
  2526             0
  2527             1
  2528             0
  2529             0
  2530             0
  2531             0
  2532             0
  2533             0
  2534             0
  2535             0
  2536             0
  2537             0
  2538             0
  2539             0
  2540             0
  2541             0
  2542             0
  2543             0
  2544             0
  2545             0
  2546             0
  2547             1
  2548             0
  2549             0
  2550             0
  2551             0
  2552             0
  2553             0
  2554             0
  2555             0
  2556             0
  2557             1
  2558             0
  2559             0
  2560             0
  2561             0
  2562             0
  2563             1
  2564             0
  2565             0
  2566             0
  2567             0
  2568             0
  2569             0
  2570             0
  2571             0
  2572             0
  2573             0
  2574             0
  2575             0
  2576             0
  2577             0
  2578             0
  2579             0
  2580             0
  2581             0
  2582             0
  2583             0
  2584             1
  2585             0
  2586             0
  2587             0
  2588             0
  2589             0
  2590             0
  2591             0
  2592             0
  2593             0
  2594             0
  2595             0
  2596             0
  2597             0
  2598             0
  2599             0
  2600             0
  2601             0
  2602             0
  2603             0
  2604             0
  2605             0
  2606             1
  2607             0
  2608             1
  2609             0
  2610             0
  2611             0
  2612             0
  2613             0
  2614             0
  2615             1
  2616             0
  2617             0
  2618             0
  2619             0
  2620             0
  2621             0
  2622             0
  2623             1
  2624             0
  2625             0
  2626             0
  2627             0
  2628             0
  2629             0
  2630             0
  2631             0
  2632             0
  2633             0
  2634             0
  2635             0
  2636             0
  2637             0
  2638             0
  2639             0
  2640             0
  2641             0
  2642             0
  2643             0
  2644             0
  2645             0
  2646             1
  2647             0
  2648             0
  2649             1
  2650             0
  2651             0
  2652             0
  2653             1
  2654             0
  2655             0
  2656             0
  2657             0
  2658             0
  2659             0
  2660             0
  2661             0
  2662             2
  2663             1
  2664             0
  2665             0
  2666             0
  2667             0
  2668             0
  2669             0
  2670             0
  2671             0
  2672             0
  2673             0
  2674             0
  2675             0
  2676             0
  2677             1
  2678             0
  2679             0
  2680             0
  2681             0
  2682             0
  2683             0
  2684             0
  2685             0
  2686             0
  2687             0
  2688             0
  2689             0
  2690             0
  2691             0
  2692             0
  2693             0
  2694             0
  2695             0
  2696             0
  2697             0
  2698             0
  2699             0
  2700             0
  2701             0
  2702             0
  2703             0
  2704             0
  2705             1
  2706             0
  2707             0
  2708             0
  2709             0
  2710             0
  2711             1
  2712             0
  2713             1
  2714             0
  2715             0
  2716             0
  2717             0
  2718             0
  2719             0
  2720             0
  2721             0
  2722             0
  2723             0
  2724             0
  2725             0
  2726             0
  2727             0
  2728             0
  2729             0
  2730             1
  2731             1
  2732             0
  2733             0
  2734             1
  2735             0
  2736             0
  2737             0
  2738             0
  2739             0
  2740             0
  2741             0
  2742             0
  2743             1
  2744             0
  2745             0
  2746             0
  2747             0
  2748             0
  2749             1
  2750             0
  2751             0
  2752             0
  2753             1
  2754             1
  2755             0
  2756             0
  2757             0
  2758             0
  2759             0
  2760             0
  2761             2
  2762             0
  2763             0
  2764             0
  2765             0
  2766             0
  2767             0
  2768             0
  2769             0
  2770             0
  2771             0
  2772             1
  2773             1
  2774             0
  2775             0
  2776             0
  2777             0
  2778             0
  2779             0
  2780             0
  2781             1
  2782             0
  2783             0
  2784             0
  2785             0
  2786             0
  2787             0
  2788             0
  2789             0
  2790             0
  2791             0
  2792             0
  2793             0
  2794             0
  2795             0
  2796             0
  2797             1
  2798             1
  2799             0
  2800             0
  2801             0
  2802             0
  2803             0
  2804             0
  2805             0
  2806             0
  2807             0
  2808             0
  2809             0
  2810             0
  2811             0
  2812             0
  2813             0
  2814             0
  2815             0
  2816             0
  2817             0
  2818             0
  2819             0
  2820             0
  2821             0
  2822             0
  2823             0
  2824             1
  2825             0
  2826             0
  2827             0
  2828             0
  2829             0
  2830             0
  2831             0
  2832             0
  2833             0
  2834             0
  2835             0
  2836             0
  2837             0
  2838             0
  2839             0
  2840             0
  2841             0
  2842             0
  2843             0
  2844             0
  2845             0
  2846             1
  2847             0
  2848             0
  2849             0
  2850             0
  2851             0
  2852             0
  2853             0
  2854             0
  2855             0
  2856             0
  2857             0
  2858             0
  2859             0
  2860             0
  2861             0
  2862             0
  2863             0
  2864             0
  2865             0
  2866             0
  2867             0
  2868             0
  2869             0
  2870             0
  2871             0
  2872             0
  2873             0
  2874             0
  2875             0
  2876             0
  2877             0
  2878             0
  2879             0
  2880             0
  2881             0
  2882             0
  2883             0
  2884             1
  2885             0
  2886             0
  2887             0
  2888             0
  2889             0
  2890             0
  2891             0
  2892             0
  2893             0
  2894             0
  2895             0
  2896             0
  2897             0
  2898             0
  2899             1
  2900             0
  2901             0
  2902             0
  2903             0
  2904             0
  2905             0
  2906             0
  2907             0
  2908             0
  2909             0
  2910             0
  2911             0
  2912             0
  2913             0
  2914             0
  2915             0
  2916             0
  2917             0
  2918             1
  2919             0
  2920             0
  2921             0
  2922             0
  2923             0
  2924             0
  2925             0
  2926             0
  2927             0
  2928             0
  2929             1
  2930             0
  2931             0
  2932             0
  2933             0
  2934             0
  2935             0
  2936             0
  2937             0
  2938             0
  2939             0
  2940             0
  2941             0
  2942             0
  2943             0
  2944             0
  2945             0
  2946             0
  2947             0
  2948             0
  2949             0
  2950             0
  2951             0
  2952             0
  2953             0
  2954             0
  2955             0
  2956             0
  2957             0
  2958             1
  2959             0
  2960             0
  2961             0
  2962             0
  2963             0
  2964             0
  2965             0
  2966             0
  2967             1
  2968             0
  2969             0
  2970             0
  2971             0
  2972             0
  2973             0
  2974             0
  2975             0
  2976             0
  2977             0
  2978             0
  2979             0
  2980             0
  2981             0
  2982             0
  2983             0
  2984             0
  2985             0
  2986             0
  2987             0
  2988             0
  2989             0
  2990             0
  2991             1
  2992             0
  2993             0
  2994             0
  2995             0
  2996             0
  2997             0
  2998             0
  2999             0
  3000             0
  3001             0
  3002             0
  3003             0
  3004             0
  3005             1
  3006             0
  3007             1
  3008             0
  3009             0
  3010             0
  3011             0
  3012             0
  3013             0
  3014             0
  3015             0
  3016             0
  3017             0
  3018             0
  3019             0
  3020             0
  3021             0
  3022             0
  3023             0
  3024             1
  3025             0
  3026             0
  3027             0
  3028             0
  3029             0
  3030             0
  3031             0
  3032             0
  3033             0
  3034             0
  3035             0
  3036             0
  3037             0
  3038             0
  3039             0
  3040             0
  3041             0
  3042             0
  3043             0
  3044             0
  3045             0
  3046             0
  3047             0
  3048             0
  3049             0
  3050             0
  3051             0
  3052             0
  3053             1
  3054             0
  3055             0
  3056             0
  3057             0
  3058             0
  3059             0
  3060             1
  3061             0
  3062             0
  3063             0
  3064             1
  3065             0
  3066             0
  3067             0
  3068             0
  3069             0
  3070             1
  3071             0
  3072             0
  3073             0
  3074             0
  3075             0
  3076             1
  3077             0
  3078             0
  3079             0
  3080             0
  3081             0
  3082             0
  3083             0
  3084             0
  3085             0
  3086             0
  3087             0
  3088             0
  3089             0
  3090             0
  3091             1
  3092             0
  3093             0
  3094             0
  3095             0
  3096             0
  3097             0
  3098             0
  3099             0
  3100             0
  3101             0
  3102             0
  3103             0
  3104             0
  3105             0
  3106             0
  3107             0
  3108             0
  3109             0
  3110             0
  3111             0
  3112             0
  3113             0
  3114             0
  3115             1
  3116             0
  3117             0
  3118             0
  3119             0
  3120             0
  3121             0
  3122             0
  3123             0
  3124             0
  3125             0
  3126             0
  3127             0
  3128             0
  3129             0
  3130             0
  3131             0
  3132             0
  3133             0
  3134             0
  3135             0
  3136             0
  3137             0
  3138             1
  3139             0
  3140             0
  3141             0
  3142             0
  3143             0
  3144             0
  3145             0
  3146             0
  3147             0
  3148             0
  3149             0
  3150             0
  3151             0
  3152             0
  3153             0
  3154             0
  3155             0
  3156             0
  3157             0
  3158             0
  3159             0
  3160             0
  3161             0
  3162             0
  3163             0
  3164             0
  3165             0
  3166             0
  3167             0
  3168             0
  3169             0
  3170             0
  3171             0
  3172             0
  3173             0
  3174             0
  3175             0
  3176             0
  3177             0
  3178             0
  3179             0
  3180             1
  3181             0
  3182             0
  3183             0
  3184             0
  3185             0
  3186             0
  3187             0
  3188             0
  3189             0
  3190             0
  3191             0
  3192             0
  3193             1
  3194             0
  3195             0
  3196             0
  3197             0
  3198             0
  3199             0
  3200             0
  3201             0
  3202             0
  3203             0
  3204             0
  3205             0
  3206             0
  3207             0
  3208             0
  3209             0
  3210             0
  3211             0
  3212             0
  3213             0
  3214             0
  3215             0
  3216             0
  3217             0
  3218             0
  3219             0
  3220             0
  3221             0
  3222             0
  3223             0
  3224             0
  3225             0
  3226             0
  3227             0
  3228             0
  3229             0
  3230             0
  3231             0
  3232             0
  3233             0
  3234             0
  3235             1
  3236             0
  3237             0
  3238             0
  3239             0
  3240             0
  3241             0
  3242             0
  3243             0
  3244             0
  3245             0
  3246             0
  3247             0
  3248             0
  3249             0
  3250             0
  3251             0
  3252             0
  3253             0
  3254             0
  3255             0
  3256             0
  3257             0
  3258             0
  3259             0
  3260             0
  3261             0
  3262             0
  3263             0
  3264             0
  3265             0
  3266             0
  3267             0
  3268             0
  3269             1
  3270             0
  3271             0
  3272             0
  3273             0
  3274             0
  3275             0
  3276             0
  3277             0
  3278             0
  3279             0
  3280             0
  3281             0
  3282             0
  3283             0
  3284             0
  3285             0
  3286             0
  3287             0
  3288             0
  3289             0
  3290             0
  3291             0
  3292             0
  3293             0
  3294             0
  3295             0
  3296             0
  3297             0
  3298             0
  3299             0
  3300             0
  3301             0
  3302             1
  3303             0
  3304             0
  3305             0
  3306             1
  3307             0
  3308             0
  3309             0
  3310             0
  3311             0
  3312             0
  3313             0
  3314             0
  3315             0
  3316             0
  3317             1
  3318             0
  3319             0
  3320             0
  3321             0
  3322             0
  3323             0
  3324             0
  3325             0
  3326             0
  3327             0
  3328             0
  3329             0
  3330             0
  3331             0
  3332             0
  3333             0
  3334             0
  3335             0
  3336             0
  3337             0
  3338             0
  3339             0
  3340             0
  3341             0
  3342             0
  3343             0
  3344             0
  3345             0
  3346             0
  3347             0
  3348             0
  3349             0
  3350             0
  3351             0
  3352             0
  3353             0
  3354             0
  3355             0
  3356             0
  3357             0
  3358             0
  3359             0
  3360             0
  3361             0
  3362             0
  3363             0
  3364             0
  3365             0
  3366             0
  3367             0
  3368             0
  3369             0
  3370             0
  3371             0
  3372             0
  3373             0
  3374             0
  3375             0
  3376             0
  3377             0
  3378             0
  3379             0
  3380             0
  3381             0
  3382             0
  3383             0
  3384             0
  3385             0
  3386             0
  3387             0
  3388             0
  3389             0
  3390             0
  3391             0
  3392             0
  3393             0
  3394             0
  3395             0
  3396             0
  3397             0
  3398             0
  3399             0
  3400             0
  3401             0
  3402             0
  3403             0
  3404             0
  3405             0
  3406             0
  3407             0
  3408             0
  3409             0
  3410             0
  3411             0
  3412             0
  3413             0
  3414             0
  3415             0
  3416             0
  3417             0
  3418             0
  3419             0
  3420             0
  3421             0
  3422             0
  3423             0
  3424             0
  3425             0
  3426             0
  3427             0
  3428             0
  3429             0
  3430             0
  3431             0
  3432             0
  3433             0
  3434             0
  3435             0
  3436             0
  3437             0
  3438             0
  3439             0
  3440             0
  3441             0
  3442             0
  3443             0
  3444             0
  3445             0
  3446             0
  3447             0
  3448             0
  3449             1
  3450             0
  3451             0
  3452             0
  3453             0
  3454             0
  3455             0
  3456             1
  3457             0
  3458             0
  3459             0
  3460             0
  3461             0
  3462             0
  3463             0
  3464             0
  3465             0
  3466             0
  3467             0
  3468             0
  3469             0
  3470             0
  3471             0
  3472             0
  3473             0
  3474             0
  3475             1
  3476             0
  3477             0
  3478             0
  3479             0
  3480             0
  3481             0
  3482             0
  3483             0
  3484             0
  3485             0
  3486             0
  3487             0
  3488             0
  3489             0
  3490             0
  3491             0
  3492             0
  3493             0
  3494             0
  3495             0
  3496             0
  3497             0
  3498             0
  3499             0
  3500             1
  3501             0
  3502             0
  3503             0
  3504             0
  3505             0
  3506             0
  3507             0
  3508             0
  3509             0
  3510             0
  3511             0
  3512             0
  3513             0
  3514             0
  3515             0
  3516             0
  3517             0
  3518             1
  3519             0
  3520             0
  3521             0
  3522             1
  3523             0
  3524             0
  3525             0
  3526             0
  3527             0
  3528             0
  3529             0
  3530             0
  3531             0
  3532             0
  3533             0
  3534             0
  3535             0
  3536             0
  3537             0
  3538             0
  3539             1
  3540             0
  3541             0
  3542             0
  3543             0
  3544             0
  3545             0
  3546             0
  3547             0
  3548             0
  3549             0
  3550             0
  3551             0
  3552             0
  3553             0
  3554             0
  3555             0
  3556             0
  3557             0
  3558             0
  3559             0
  3560             0
  3561             0
  3562             0
  3563             0
  3564             1
  3565             0
  3566             0
  3567             1
  3568             0
  3569             0
  3570             0
  3571             0
  3572             0
  3573             1
  3574             0
  3575             0
  3576             0
  3577             0
  3578             0
  3579             0
  3580             0
  3581             0
  3582             0
  3583             0
  3584             0
  3585             0
  3586             0
  3587             0
  3588             0
  3589             0
  3590             0
  3591             0
  3592             0
  3593             0
  3594             0
  3595             0
  3596             0
  3597             0
  3598             0
  3599             0
  3600             0
  3601             0
  3602             0
  3603             0
  3604             0
  3605             0
  3606             0
  3607             0
  3608             0
  3609             0
  3610             0
  3611             0
  3612             0
  3613             0
  3614             0
  3615             0
  3616             0
  3617             0
  3618             0
  3619             0
  3620             0
  3621             0
  3622             0
  3623             0
  3624             1
  3625             1
  3626             0
  3627             0
  3628             0
  3629             0
  3630             0
  3631             0
  3632             0
  3633             0
  3634             0
  3635             0
  3636             0
  3637             0
  3638             0
  3639             0
  3640             0
  3641             0
  3642             0
  3643             0
  3644             0
  3645             0
  3646             0
  3647             0
  3648             0
  3649             0
  3650             0
  3651             0
  3652             0
  3653             0
  3654             0
  3655             0
  3656             0
  3657             0
  3658             0
  3659             0
  3660             0
  3661             0
  3662             0
  3663             0
  3664             0
  3665             0
  3666             0
  3667             0
  3668             0
  3669             0
  3670             0
  3671             0
  3672             0
  3673             0
  3674             0
  3675             0
  3676             0
  3677             0
  3678             0
  3679             0
  3680             0
  3681             0
  3682             0
  3683             0
  3684             0
  3685             0
  3686             0
  3687             0
  3688             0
  3689             0
  3690             0
  3691             0
  3692             0
  3693             0
  3694             0
  3695             0
  3696             0
  3697             0
  3698             0
  3699             0
  3700             0
  3701             0
  3702             0
  3703             1
  3704             0
  3705             0
  3706             0
  3707             0
  3708             0
  3709             0
  3710             0
  3711             0
  3712             0
  3713             0
  3714             0
  3715             0
  3716             0
  3717             0
  3718             0
  3719             0
  3720             0
  3721             0
  3722             0
  3723             0
  3724             0
  3725             0
  3726             0
  3727             0
  3728             0
  3729             0
  3730             0
  3731             0
  3732             0
  3733             0
  3734             0
  3735             0
  3736             0
  3737             0
  3738             0
  3739             0
  3740             0
  3741             0
  3742             0
  3743             0
  3744             0
  3745             0
  3746             0
  3747             0
  3748             0
  3749             0
  3750             0
  3751             0
  3752             0
  3753             0
  3754             0
  3755             0
  3756             0
  3757             0
  3758             0
  3759             0
  3760             0
  3761             0
  3762             0
  3763             0
  3764             0
  3765             0
  3766             0
  3767             0
  3768             0
  3769             0
  3770             0
  3771             1
  3772             0
  3773             0
  3774             0
  3775             0
  3776             0
  3777             0
  3778             0
  3779             0
  3780             0
  3781             0
  3782             0
  3783             0
  3784             0
  3785             0
  3786             0
  3787             0
  3788             0
  3789             0
  3790             0
  3791             0
  3792             0
  3793             0
  3794             0
  3795             0
  3796             0
  3797             0
  3798             0
  3799             0
  3800             0
  3801             0
  3802             0
  3803             0
  3804             0
  3805             0
  3806             0
  3807             0
  3808             0
  3809             0
  3810             0
  3811             0
  3812             0
  3813             0
  3814             0
  3815             0
  3816             0
  3817             0
  3818             0
  3819             0
  3820             0
  3821             0
  3822             0
  3823             0
  3824             0
  3825             0
  3826             0
  3827             0
  3828             0
  3829             0
  3830             0
  3831             0
  3832             0
  3833             0
  3834             0
  3835             0
  3836             0
  3837             0
  3838             0
  3839             0
  3840             0
  3841             0
  3842             0
  3843             0
  3844             0
  3845             0
  3846             0
  3847             0
  3848             0
  3849             0
  3850             0
  3851             0
  3852             0
  3853             0
  3854             0
  3855             0
  3856             0
  3857             0
  3858             0
  3859             0
  3860             1
  3861             0
  3862             0
  3863             0
  3864             0
  3865             0
  3866             0
  3867             0
  3868             0
  3869             0
  3870             0
  3871             0
  3872             0
  3873             0
  3874             1
  3875             0
  3876             0
  3877             0
  3878             0
  3879             0
  3880             0
  3881             0
  3882             1
  3883             0
  3884             0
  3885             0
  3886             0
  3887             0
  3888             0
  3889             0
  3890             0
  3891             0
  3892             0
  3893             0
  3894             0
  3895             0
  3896             0
  3897             0
  3898             0
  3899             0
  3900             0
  3901             0
  3902             0
  3903             0
  3904             0
  3905             0
  3906             0
  3907             0
  3908             0
  3909             0
  3910             0
  3911             0
  3912             0
  3913             0
  3914             0
  3915             1
  3916             0
  3917             0
  3918             0
  3919             0
  3920             0
  3921             0
  3922             0
  3923             0
  3924             0
  3925             0
  3926             0
  3927             0
  3928             0
  3929             0
  3930             0
  3931             0
  3932             0
  3933             0
  3934             0
  3935             0
  3936             0
  3937             1
  3938             0
  3939             0
  3940             0
  3941             0
  3942             0
  3943             0
  3944             0
  3945             0
  3946             0
  3947             0
  3948             0
  3949             0
  3950             0
  3951             0
  3952             0
  3953             0
  3954             0
  3955             0
  3956             0
  3957             0
  3958             0
  3959             0
  3960             0
  3961             0
  3962             0
  3963             0
  3964             0
  3965             0
  3966             0
  3967             0
  3968             0
  3969             0
  3970             0
  3971             0
  3972             0
  3973             0
  3974             0
  3975             0
  3976             1
  3977             0
  3978             0
  3979             0
  3980             0
  3981             0
  3982             0
  3983             0
  3984             0
  3985             0
  3986             1
  3987             0
  3988             0
  3989             0
  3990             0
  3991             0
  3992             0
  3993             0
  3994             0
  3995             0
  3996             0
  3997             0
  3998             0
  3999             0
  4000             0
  4001             0
  4002             0
  4003             0
  4004             0
  4005             0
  4006             0
  4007             0
  4008             0
  4009             0
  4010             0
  4011             0
  4012             0
  4013             0
  4014             0
  4015             0
  4016             0
  4017             0
  4018             0
  4019             0
  4020             0
  4021             0
  4022             0
  4023             0
  4024             0
  4025             0
  4026             0
  4027             0
  4028             0
  4029             0
  4030             0
  4031             0
  4032             0
  4033             0
  4034             0
  4035             0
  4036             0
  4037             0
  4038             0
  4039             0
  4040             0
  4041             0
  4042             0
  4043             0
  4044             0
  4045             0
  4046             0
  4047             0
  4048             0
  4049             0
  4050             0
  4051             0
  4052             0
  4053             0
  4054             0
  4055             0
  4056             0
  4057             0
  4058             0
  4059             0
  4060             0
  4061             0
  4062             0
  4063             0
  4064             0
  4065             0
  4066             0
  4067             0
  4068             0
  4069             0
  4070             0
  4071             0
  4072             0
  4073             0
  4074             0
  4075             0
  4076             0
  4077             0
  4078             0
  4079             0
  4080             0
  4081             0
  4082             0
  4083             0
  4084             0
  4085             0
  4086             1
  4087             0
  4088             0
  4089             0
  4090             0
  4091             0
  4092             0
  4093             0
  4094             0
  4095             0
