     0        162674
     1        216809
     2        272303
     3        324323
     4        368055
     5        400534
     6        420198
     7        427121
     8        426148
     9        407526
    10        381637
    11        349042
    12        311495
    13        273335
    14        237339
    15        203525
    16        173458
    17        146304
    18        123118
    19        102517
    20         85083
    21         71218
    22         58620
    23         48611
    24         40462
    25         33749
    26         27787
    27         23226
    28         19537
    29         16267
    30         13689
    31         11588
    32          9952
    33          8213
    34          7021
    35          5963
    36          5086
    37          4240
    38          3608
    39          3004
    40          2527
    41          2171
    42          1904
    43          1632
    44          1294
    45          1150
    46           989
    47           805
    48           733
    49           565
    50           513
    51           457
    52           387
    53           335
    54           272
    55           245
    56           236
    57           166
    58           151
    59           121
    60            95
    61            85
    62            91
    63            72
    64            58
    65            63
    66            48
    67            50
    68            33
    69            38
    70            20
    71            28
    72            24
    73            34
    74            21
    75            18
    76             8
    77            19
    78            14
    79            15
    80            20
    81            11
    82            15
    83            15
    84             9
    85            12
    86            12
    87            20
    88            15
    89            11
    90            16
    91            22
    92            10
    93            22
    94            27
    95            31
    96            17
    97            33
    98            23
    99            32
   100            47
   101            38
   102            35
   103            37
   104            42
   105            46
   106            53
   107            53
   108            58
   109            63
   110            66
   111            68
   112            59
   113            73
   114            73
   115            75
   116            74
   117            82
   118            94
   119            67
   120            88
   121           113
   122           108
   123           114
   124           105
   125           118
   126           135
   127           138
   128           147
   129           124
   130           148
   131           154
   132           158
   133           156
   134           153
   135           152
   136           176
   137           181
   138           187
   139           153
   140           191
   141           178
   142           191
   143           193
   144           189
   145           213
   146           187
   147           186
   148           218
   149           183
   150           188
   151           214
   152           182
   153           190
   154           219
   155           217
   156           210
   157           232
   158           211
   159           178
   160           200
   161           158
   162           189
   163           203
   164           208
   165           210
   166           189
   167           200
   168           184
   169           171
   170           186
   171           170
   172           191
   173           173
   174           150
   175           159
   176           138
   177           143
   178           149
   179           131
   180           133
   181           148
   182           115
   183           115
   184           127
   185           133
   186           127
   187           133
   188           107
   189           119
   190            87
   191            95
   192            94
   193            90
   194            65
   195            88
   196            86
   197            76
   198            75
   199            69
   200            69
   201            72
   202            68
   203            55
   204            60
   205            51
   206            59
   207            67
   208            42
   209            38
   210            32
   211            51
   212            34
   213            35
   214            27
   215            25
   216            42
   217            28
   218            26
   219            30
   220            23
   221            19
   222            21
   223            15
   224            20
   225            15
   226            25
   227            14
   228            15
   229             6
   230            18
   231             9
   232            10
   233             7
   234            12
   235             6
   236             6
   237             5
   238             7
   239             4
   240             5
   241             0
   242             3
   243             7
   244             7
   245             2
   246             4
   247             4
   248             2
   249             4
   250             3
   251             6
   252             5
   253             0
   254             0
   255             0
   256             1
   257             2
   258             1
   259             2
   260             4
   261             2
   262             0
   263             0
   264             4
   265             2
   266             2
   267             1
   268             0
   269             1
   270             2
   271             0
   272             0
   273             0
   274             1
   275             0
   276             0
   277             2
   278             0
   279             1
   280             1
   281             0
   282             1
   283             0
   284             1
   285             0
   286             0
   287             1
   288             0
   289             0
   290             1
   291             1
   292             0
   293             1
   294             0
   295             1
   296             0
   297             1
   298             2
   299             0
   300             1
   301             1
   302             0
   303             0
   304             1
   305             0
   306             0
   307             0
   308             0
   309             0
   310             0
   311             0
   312             0
   313             0
   314             0
   315             0
   316             0
   317             0
   318             0
   319             1
   320             0
   321             0
   322             0
   323             1
   324             0
   325             0
   326             0
   327             0
   328             0
   329             1
   330             1
   331             0
   332             0
   333             0
   334             1
   335             0
   336             0
   337             0
   338             1
   339             0
   340             0
   341             0
   342             0
   343             1
   344             0
   345             0
   346             0
   347             0
   348             0
   349             0
   350             0
   351             0
   352             0
   353             0
   354             0
   355             0
   356             0
   357             1
   358             0
   359             0
   360             0
   361             0
   362             0
   363             0
   364             1
   365             0
   366             0
   367             0
   368             0
   369             0
   370             0
   371             0
   372             0
   373             1
   374             0
   375             0
   376             0
   377             0
   378             0
   379             0
   380             0
   381             0
   382             0
   383             1
   384             0
   385             0
   386             0
   387             0
   388             0
   389             0
   390             0
   391             0
   392             0
   393             0
   394             0
   395             0
   396             0
   397             0
   398             0
   399             0
   400             0
   401             1
   402             0
   403             0
   404             0
   405             0
   406             0
   407             3
   408             0
   409             0
   410             0
   411             0
   412             0
   413             0
   414             1
   415             0
   416             0
   417             0
   418             0
   419             0
   420             2
   421             0
   422             0
   423             1
   424             1
   425             0
   426             0
   427             0
   428             0
   429             0
   430             0
   431             0
   432             0
   433             0
   434             0
   435             0
   436             0
   437             0
   438             0
   439             0
   440             0
   441             0
   442             0
   443             0
   444             0
   445             0
   446             0
   447             0
   448             0
   449             0
   450             0
   451             1
   452             2
   453             1
   454             0
   455             0
   456             0
   457             0
   458             0
   459             0
   460             0
   461             0
   462             0
   463             0
   464             0
   465             0
   466             1
   467             0
   468             0
   469             1
   470             0
   471             0
   472             0
   473             0
   474             0
   475             0
   476             0
   477             0
   478             1
   479             0
   480             1
   481             0
   482             0
   483             0
   484             0
   485             0
   486             0
   487             0
   488             1
   489             0
   490             1
   491             0
   492             0
   493             0
   494             0
   495             1
   496             0
   497             0
   498             1
   499             0
   500             0
   501             0
   502             0
   503             0
   504             1
   505             0
   506             1
   507             0
   508             0
   509             0
   510             0
   511             0
   512             0
   513             0
   514             0
   515             0
   516             0
   517             0
   518             0
   519             0
   520             0
   521             0
   522             0
   523             0
   524             0
   525             0
   526             0
   527             0
   528             0
   529             0
   530             0
   531             0
   532             0
   533             0
   534             0
   535             0
   536             0
   537             0
   538             0
   539             0
   540             0
   541             0
   542             0
   543             0
   544             0
   545             0
   546             1
   547             0
   548             0
   549             0
   550             0
   551             0
   552             0
   553             0
   554             0
   555             0
   556             0
   557             0
   558             0
   559             1
   560             0
   561             0
   562             0
   563             0
   564             0
   565             0
   566             0
   567             0
   568             0
   569             0
   570             0
   571             0
   572             0
   573             0
   574             0
   575             0
   576             0
   577             0
   578             0
   579             0
   580             0
   581             0
   582             1
   583             0
   584             0
   585             0
   586             0
   587             0
   588             0
   589             0
   590             0
   591             0
   592             0
   593             1
   594             0
   595             0
   596             0
   597             0
   598             0
   599             0
   600             0
   601             0
   602             0
   603             0
   604             0
   605             0
   606             1
   607             0
   608             0
   609             0
   610             0
   611             0
   612             0
   613             0
   614             0
   615             0
   616             0
   617             0
   618             0
   619             0
   620             0
   621             0
   622             0
   623             0
   624             0
   625             0
   626             0
   627             1
   628             0
   629             0
   630             0
   631             0
   632             0
   633             0
   634             0
   635             0
   636             0
   637             0
   638             0
   639             0
   640             0
   641             0
   642             0
   643             0
   644             0
   645             0
   646             0
   647             0
   648             1
   649             0
   650             0
   651             1
   652             0
   653             0
   654             0
   655             0
   656             0
   657             0
   658             0
   659             0
   660             0
   661             0
   662             0
   663             0
   664             1
   665             1
   666             0
   667             1
   668             0
   669             0
   670             0
   671             0
   672             0
   673             0
   674             1
   675             0
   676             1
   677             1
   678             0
   679             0
   680             0
   681             0
   682             0
   683             0
   684             1
   685             0
   686             0
   687             0
   688             1
   689             0
   690             1
   691             1
   692             0
   693             0
   694             0
   695             0
   696             0
   697             0
   698             0
   699             1
   700             1
   701             0
   702             0
   703             0
   704             0
   705             0
   706             0
   707             0
   708             1
   709             0
   710             0
   711             1
   712             0
   713             0
   714             0
   715             0
   716             0
   717             0
   718             0
   719             1
   720             0
   721             0
   722             0
   723             0
   724             1
   725             2
   726             0
   727             0
   728             0
   729             0
   730             1
   731             3
   732             0
   733             0
   734             1
   735             0
   736             0
   737             1
   738             0
   739             1
   740             1
   741             1
   742             0
   743             0
   744             0
   745             3
   746             1
   747             1
   748             0
   749             0
   750             0
   751             1
   752             0
   753             1
   754             0
   755             1
   756             0
   757             1
   758             4
   759             0
   760             1
   761             1
   762             0
   763             0
   764             1
   765             0
   766             0
   767             1
   768             0
   769             0
   770             1
   771             2
   772             3
   773             0
   774             2
   775             2
   776             1
   777             0
   778             2
   779             1
   780             2
   781             1
   782             0
   783             2
   784             0
   785             1
   786             1
   787             2
   788             2
   789             3
   790             1
   791             0
   792             0
   793             0
   794             0
   795             0
   796             1
   797             2
   798             1
   799             0
   800             0
   801             0
   802             2
   803             3
   804             1
   805             1
   806             1
   807             2
   808             1
   809             0
   810             2
   811             2
   812             1
   813             4
   814             2
   815             2
   816             2
   817             2
   818             2
   819             3
   820             2
   821             0
   822             0
   823             1
   824             1
   825             1
   826             2
   827             1
   828             3
   829             2
   830             2
   831             1
   832             0
   833             1
   834             1
   835             0
   836             1
   837             2
   838             0
   839             2
   840             1
   841             1
   842             2
   843             0
   844             1
   845             0
   846             0
   847             2
   848             0
   849             0
   850             1
   851             2
   852             1
   853             1
   854             1
   855             2
   856             0
   857             0
   858             3
   859             1
   860             2
   861             0
   862             1
   863             2
   864             1
   865             1
   866             0
   867             1
   868             2
   869             4
   870             2
   871             0
   872             2
   873             1
   874             2
   875             2
   876             1
   877             0
   878             1
   879             2
   880             3
   881             2
   882             2
   883             0
   884             1
   885             0
   886             2
   887             3
   888             1
   889             0
   890             0
   891             1
   892             0
   893             0
   894             2
   895             1
   896             1
   897             0
   898             0
   899             1
   900             3
   901             0
   902             1
   903             0
   904             0
   905             2
   906             0
   907             1
   908             1
   909             3
   910             1
   911             1
   912             0
   913             0
   914             0
   915             2
   916             0
   917             0
   918             0
   919             0
   920             0
   921             0
   922             0
   923             0
   924             0
   925             1
   926             0
   927             1
   928             0
   929             2
   930             0
   931             0
   932             3
   933             2
   934             1
   935             0
   936             0
   937             0
   938             1
   939             1
   940             1
   941             1
   942             0
   943             1
   944             1
   945             1
   946             0
   947             1
   948             1
   949             0
   950             3
   951             2
   952             0
   953             0
   954             2
   955             1
   956             3
   957             0
   958             0
   959             2
   960             0
   961             0
   962             1
   963             0
   964             1
   965             0
   966             1
   967             0
   968             1
   969             1
   970             1
   971             1
   972             1
   973             3
   974             2
   975             0
   976             2
   977             1
   978             0
   979             2
   980             1
   981             0
   982             1
   983             2
   984             0
   985             1
   986             4
   987             1
   988             1
   989             2
   990             1
   991             0
   992             1
   993             0
   994             2
   995             1
   996             1
   997             0
   998             0
   999             0
  1000             0
  1001             0
  1002             0
  1003             1
  1004             3
  1005             0
  1006             0
  1007             2
  1008             2
  1009             1
  1010             2
  1011             0
  1012             1
  1013             2
  1014             1
  1015             2
  1016             0
  1017             0
  1018             1
  1019             1
  1020             2
  1021             1
  1022             2
  1023             0
  1024             2
  1025             1
  1026             2
  1027             1
  1028             1
  1029             2
  1030             0
  1031             2
  1032             1
  1033             0
  1034             1
  1035             1
  1036             1
  1037             2
  1038             0
  1039             0
  1040             0
  1041             1
  1042             2
  1043             0
  1044             1
  1045             0
  1046             1
  1047             0
  1048             0
  1049             1
  1050             0
  1051             0
  1052             1
  1053             0
  1054             2
  1055             4
  1056             4
  1057             1
  1058             0
  1059             0
  1060             1
  1061             1
  1062             1
  1063             1
  1064             2
  1065             1
  1066             0
  1067             1
  1068             0
  1069             1
  1070             1
  1071             1
  1072             0
  1073             1
  1074             0
  1075             1
  1076             1
  1077             2
  1078             3
  1079             0
  1080             1
  1081             1
  1082             5
  1083             3
  1084             0
  1085             0
  1086             1
  1087             1
  1088             1
  1089             1
  1090             0
  1091             1
  1092             1
  1093             2
  1094             3
  1095             0
  1096             1
  1097             0
  1098             3
  1099             1
  1100             1
  1101             1
  1102             0
  1103             2
  1104             3
  1105             1
  1106             0
  1107             0
  1108             2
  1109             0
  1110             2
  1111             1
  1112             1
  1113             2
  1114             0
  1115             2
  1116             0
  1117             1
  1118             2
  1119             1
  1120             1
  1121             1
  1122             1
  1123             2
  1124             0
  1125             0
  1126             0
  1127             0
  1128             0
  1129             1
  1130             0
  1131             0
  1132             1
  1133             0
  1134             0
  1135             0
  1136             1
  1137             0
  1138             1
  1139             1
  1140             0
  1141             1
  1142             1
  1143             1
  1144             1
  1145             0
  1146             1
  1147             2
  1148             2
  1149             1
  1150             0
  1151             0
  1152             1
  1153             0
  1154             1
  1155             0
  1156             0
  1157             0
  1158             1
  1159             0
  1160             1
  1161             0
  1162             1
  1163             0
  1164             0
  1165             1
  1166             1
  1167             0
  1168             1
  1169             0
  1170             1
  1171             3
  1172             1
  1173             1
  1174             0
  1175             1
  1176             0
  1177             1
  1178             0
  1179             0
  1180             0
  1181             1
  1182             1
  1183             0
  1184             0
  1185             0
  1186             0
  1187             0
  1188             1
  1189             1
  1190             1
  1191             1
  1192             1
  1193             1
  1194             1
  1195             3
  1196             2
  1197             2
  1198             0
  1199             0
  1200             0
  1201             0
  1202             0
  1203             0
  1204             0
  1205             1
  1206             1
  1207             2
  1208             4
  1209             1
  1210             3
  1211             0
  1212             2
  1213             0
  1214             0
  1215             0
  1216             0
  1217             2
  1218             1
  1219             1
  1220             0
  1221             0
  1222             0
  1223             0
  1224             0
  1225             1
  1226             0
  1227             0
  1228             1
  1229             5
  1230             1
  1231             1
  1232             1
  1233             3
  1234             1
  1235             0
  1236             0
  1237             0
  1238             0
  1239             0
  1240             2
  1241             1
  1242             0
  1243             0
  1244             0
  1245             1
  1246             0
  1247             1
  1248             1
  1249             0
  1250             1
  1251             0
  1252             0
  1253             1
  1254             0
  1255             2
  1256             3
  1257             1
  1258             0
  1259             0
  1260             0
  1261             1
  1262             0
  1263             0
  1264             1
  1265             2
  1266             1
  1267             0
  1268             0
  1269             1
  1270             1
  1271             0
  1272             2
  1273             0
  1274             2
  1275             1
  1276             0
  1277             0
  1278             2
  1279             2
  1280             0
  1281             0
  1282             3
  1283             0
  1284             2
  1285             1
  1286             0
  1287             0
  1288             0
  1289             1
  1290             2
  1291             0
  1292             0
  1293             0
  1294             0
  1295             2
  1296             0
  1297             0
  1298             1
  1299             1
  1300             1
  1301             2
  1302             0
  1303             0
  1304             1
  1305             2
  1306             1
  1307             1
  1308             1
  1309             0
  1310             2
  1311             0
  1312             0
  1313             1
  1314             1
  1315             2
  1316             1
  1317             1
  1318             0
  1319             0
  1320             1
  1321             0
  1322             1
  1323             0
  1324             1
  1325             1
  1326             1
  1327             1
  1328             0
  1329             0
  1330             2
  1331             1
  1332             0
  1333             0
  1334             2
  1335             0
  1336             0
  1337             0
  1338             0
  1339             1
  1340             1
  1341             3
  1342             1
  1343             4
  1344             1
  1345             1
  1346             1
  1347             0
  1348             0
  1349             0
  1350             1
  1351             0
  1352             1
  1353             0
  1354             1
  1355             1
  1356             3
  1357             1
  1358             0
  1359             2
  1360             2
  1361             2
  1362             3
  1363             0
  1364             0
  1365             0
  1366             4
  1367             0
  1368             1
  1369             2
  1370             0
  1371             1
  1372             0
  1373             1
  1374             1
  1375             1
  1376             0
  1377             2
  1378             1
  1379             2
  1380             1
  1381             1
  1382             2
  1383             0
  1384             1
  1385             1
  1386             1
  1387             3
  1388             3
  1389             3
  1390             1
  1391             3
  1392             1
  1393             0
  1394             1
  1395             4
  1396             2
  1397             0
  1398             2
  1399             1
  1400             1
  1401             1
  1402             2
  1403             2
  1404             1
  1405             1
  1406             1
  1407             1
  1408             4
  1409             1
  1410             0
  1411             2
  1412             2
  1413             3
  1414             2
  1415             1
  1416             0
  1417             2
  1418             0
  1419             2
  1420             3
  1421             2
  1422             2
  1423             0
  1424             2
  1425             0
  1426             1
  1427             0
  1428             1
  1429             2
  1430             1
  1431             4
  1432             0
  1433             2
  1434             1
  1435             5
  1436             2
  1437             0
  1438             0
  1439             1
  1440             1
  1441             1
  1442             1
  1443             0
  1444             1
  1445             3
  1446             1
  1447             1
  1448             0
  1449             1
  1450             2
  1451             2
  1452             1
  1453             2
  1454             0
  1455             0
  1456             2
  1457             1
  1458             1
  1459             1
  1460             1
  1461             0
  1462             1
  1463             0
  1464             1
  1465             3
  1466             3
  1467             0
  1468             0
  1469             0
  1470             2
  1471             1
  1472             0
  1473             0
  1474             1
  1475             0
  1476             1
  1477             0
  1478             1
  1479             0
  1480             0
  1481             1
  1482             1
  1483             2
  1484             1
  1485             0
  1486             2
  1487             1
  1488             1
  1489             0
  1490             4
  1491             3
  1492             1
  1493             1
  1494             1
  1495             3
  1496             0
  1497             0
  1498             1
  1499             0
  1500             0
  1501             1
  1502             1
  1503             2
  1504             1
  1505             0
  1506             2
  1507             0
  1508             1
  1509             0
  1510             1
  1511             2
  1512             0
  1513             1
  1514             1
  1515             0
  1516             0
  1517             1
  1518             0
  1519             0
  1520             1
  1521             0
  1522             1
  1523             0
  1524             0
  1525             1
  1526             1
  1527             0
  1528             2
  1529             1
  1530             2
  1531             1
  1532             0
  1533             1
  1534             0
  1535             2
  1536             0
  1537             3
  1538             1
  1539             1
  1540             0
  1541             1
  1542             2
  1543             0
  1544             0
  1545             0
  1546             1
  1547             1
  1548             1
  1549             1
  1550             0
  1551             1
  1552             1
  1553             2
  1554             2
  1555             2
  1556             0
  1557             4
  1558             3
  1559             2
  1560             1
  1561             2
  1562             0
  1563             0
  1564             0
  1565             2
  1566             1
  1567             0
  1568             0
  1569             1
  1570             0
  1571             0
  1572             0
  1573             2
  1574             0
  1575             2
  1576             2
  1577             0
  1578             2
  1579             0
  1580             1
  1581             1
  1582             1
  1583             0
  1584             1
  1585             0
  1586             1
  1587             2
  1588             1
  1589             1
  1590             0
  1591             0
  1592             2
  1593             1
  1594             1
  1595             0
  1596             2
  1597             2
  1598             1
  1599             2
  1600             0
  1601             0
  1602             2
  1603             0
  1604             1
  1605             1
  1606             1
  1607             0
  1608             0
  1609             1
  1610             0
  1611             0
  1612             1
  1613             1
  1614             0
  1615             1
  1616             0
  1617             0
  1618             2
  1619             0
  1620             1
  1621             0
  1622             1
  1623             1
  1624             0
  1625             3
  1626             0
  1627             0
  1628             0
  1629             1
  1630             1
  1631             0
  1632             2
  1633             2
  1634             0
  1635             0
  1636             1
  1637             1
  1638             1
  1639             2
  1640             1
  1641             1
  1642             0
  1643             0
  1644             0
  1645             0
  1646             2
  1647             1
  1648             0
  1649             0
  1650             0
  1651             0
  1652             0
  1653             1
  1654             0
  1655             1
  1656             1
  1657             0
  1658             0
  1659             1
  1660             1
  1661             0
  1662             3
  1663             0
  1664             3
  1665             0
  1666             2
  1667             1
  1668             1
  1669             0
  1670             3
  1671             2
  1672             1
  1673             2
  1674             1
  1675             0
  1676             2
  1677             1
  1678             2
  1679             3
  1680             2
  1681             1
  1682             2
  1683             0
  1684             1
  1685             0
  1686             1
  1687             2
  1688             3
  1689             5
  1690             0
  1691             3
  1692             1
  1693             2
  1694             0
  1695             1
  1696             2
  1697             0
  1698             0
  1699             1
  1700             1
  1701             1
  1702             3
  1703             0
  1704             2
  1705             0
  1706             2
  1707             1
  1708             0
  1709             2
  1710             1
  1711             2
  1712             2
  1713             2
  1714             0
  1715             1
  1716             0
  1717             1
  1718             2
  1719             2
  1720             1
  1721             0
  1722             3
  1723             1
  1724             3
  1725             0
  1726             0
  1727             3
  1728             4
  1729             0
  1730             1
  1731             0
  1732             1
  1733             2
  1734             3
  1735             4
  1736             2
  1737             1
  1738             2
  1739             3
  1740             2
  1741             3
  1742             0
  1743             3
  1744             2
  1745             0
  1746             2
  1747             0
  1748             3
  1749             0
  1750             0
  1751             2
  1752             0
  1753             3
  1754             0
  1755             2
  1756             0
  1757             1
  1758             0
  1759             1
  1760             0
  1761             4
  1762             3
  1763             0
  1764             3
  1765             1
  1766             3
  1767             1
  1768             2
  1769             7
  1770             3
  1771             1
  1772             2
  1773             2
  1774             3
  1775             0
  1776             3
  1777             0
  1778             4
  1779             1
  1780             2
  1781             5
  1782             0
  1783             2
  1784             1
  1785             1
  1786             1
  1787             2
  1788             0
  1789             0
  1790             1
  1791             2
  1792             1
  1793             1
  1794             1
  1795             1
  1796             1
  1797             1
  1798             2
  1799             4
  1800             2
  1801             2
  1802             3
  1803             2
  1804             0
  1805             2
  1806             2
  1807             1
  1808             0
  1809             2
  1810             4
  1811             5
  1812             5
  1813             2
  1814             2
  1815             2
  1816             3
  1817             2
  1818             5
  1819             2
  1820             2
  1821             0
  1822             3
  1823             1
  1824             0
  1825             1
  1826             1
  1827             5
  1828             0
  1829             2
  1830             2
  1831             1
  1832             4
  1833             2
  1834             1
  1835             2
  1836             0
  1837             1
  1838             0
  1839             1
  1840             3
  1841             3
  1842             2
  1843             1
  1844             2
  1845             3
  1846             3
  1847             0
  1848             2
  1849             2
  1850             4
  1851             1
  1852             2
  1853             0
  1854             0
  1855             3
  1856             2
  1857             3
  1858             1
  1859             2
  1860             2
  1861             0
  1862             1
  1863             1
  1864             1
  1865             1
  1866             4
  1867             0
  1868             1
  1869             6
  1870             1
  1871             4
  1872             1
  1873             1
  1874             2
  1875             0
  1876             5
  1877             2
  1878             5
  1879             0
  1880             2
  1881             1
  1882             1
  1883             4
  1884             3
  1885             0
  1886             2
  1887             2
  1888             1
  1889             2
  1890             2
  1891             2
  1892             1
  1893             1
  1894             2
  1895             1
  1896             4
  1897             1
  1898             6
  1899             0
  1900             4
  1901             3
  1902             4
  1903             4
  1904             4
  1905             3
  1906             3
  1907             3
  1908             4
  1909             1
  1910             4
  1911             3
  1912             3
  1913             4
  1914             6
  1915             2
  1916             1
  1917             6
  1918             6
  1919             2
  1920             2
  1921             5
  1922             5
  1923             5
  1924             4
  1925             4
  1926             2
  1927             1
  1928             2
  1929             7
  1930             3
  1931             4
  1932             1
  1933             4
  1934             1
  1935             7
  1936             5
  1937             2
  1938             3
  1939             2
  1940             2
  1941             0
  1942             3
  1943             4
  1944             6
  1945             5
  1946             4
  1947             9
  1948             3
  1949             8
  1950             5
  1951             1
  1952             4
  1953             4
  1954             7
  1955             3
  1956             2
  1957             4
  1958             9
  1959             3
  1960             2
  1961             2
  1962             5
  1963             1
  1964             2
  1965             7
  1966             3
  1967             3
  1968             5
  1969             2
  1970             5
  1971             9
  1972             4
  1973             8
  1974             6
  1975             7
  1976             8
  1977             3
  1978             6
  1979             4
  1980             9
  1981             4
  1982             3
  1983             5
  1984             4
  1985             5
  1986             4
  1987             0
  1988             4
  1989             1
  1990             7
  1991             8
  1992             2
  1993             9
  1994             6
  1995             4
  1996             2
  1997             6
  1998             4
  1999             3
  2000             4
  2001             7
  2002             4
  2003             3
  2004             4
  2005            11
  2006             7
  2007             3
  2008             7
  2009             5
  2010             5
  2011             7
  2012             8
  2013             3
  2014             9
  2015             8
  2016             8
  2017             4
  2018             7
  2019             5
  2020             5
  2021            10
  2022             7
  2023            12
  2024             8
  2025             8
  2026             8
  2027             5
  2028            10
  2029             8
  2030             7
  2031             9
  2032             8
  2033             7
  2034             9
  2035             7
  2036             6
  2037             4
  2038             9
  2039             4
  2040            14
  2041             7
  2042             8
  2043            14
  2044            13
  2045            11
  2046            11
  2047            12
  2048            13
  2049            11
  2050             5
  2051             6
  2052             9
  2053             7
  2054             5
  2055             9
  2056             8
  2057             4
  2058            12
  2059            12
  2060             5
  2061             6
  2062             4
  2063            10
  2064             8
  2065             7
  2066             3
  2067            10
  2068             8
  2069             8
  2070             9
  2071            18
  2072             4
  2073             6
  2074             5
  2075             6
  2076             7
  2077            17
  2078             3
  2079            11
  2080             8
  2081            11
  2082            12
  2083            16
  2084             5
  2085             8
  2086             6
  2087            12
  2088             4
  2089             7
  2090             8
  2091             3
  2092            14
  2093            14
  2094             6
  2095             9
  2096            10
  2097            10
  2098             9
  2099             7
  2100             4
  2101             8
  2102            16
  2103            15
  2104             6
  2105            10
  2106             6
  2107             9
  2108            11
  2109            12
  2110             9
  2111             5
  2112            13
  2113            10
  2114            10
  2115            10
  2116            10
  2117            10
  2118             9
  2119             6
  2120            10
  2121            13
  2122             3
  2123             5
  2124             7
  2125            12
  2126             6
  2127            11
  2128            12
  2129             9
  2130             9
  2131            10
  2132             6
  2133             6
  2134            12
  2135             7
  2136             9
  2137            10
  2138             9
  2139             3
  2140            10
  2141             4
  2142             7
  2143             6
  2144            10
  2145            11
  2146             8
  2147             6
  2148            12
  2149             9
  2150             7
  2151             4
  2152            14
  2153            15
  2154             6
  2155            14
  2156             8
  2157            10
  2158             8
  2159            11
  2160             7
  2161             6
  2162            15
  2163            11
  2164             8
  2165             8
  2166             7
  2167             6
  2168            11
  2169             5
  2170             8
  2171             7
  2172             8
  2173            15
  2174            12
  2175             8
  2176             6
  2177             7
  2178            10
  2179             3
  2180            10
  2181            10
  2182             8
  2183            11
  2184            13
  2185             5
  2186            12
  2187             4
  2188             6
  2189             8
  2190            13
  2191            12
  2192            10
  2193             7
  2194             4
  2195             7
  2196             8
  2197            14
  2198             4
  2199             4
  2200             6
  2201            10
  2202             8
  2203            14
  2204             6
  2205             8
  2206             8
  2207             9
  2208             9
  2209             7
  2210             8
  2211            12
  2212            12
  2213             9
  2214            12
  2215             9
  2216            10
  2217            10
  2218             6
  2219             6
  2220             5
  2221            11
  2222            10
  2223             3
  2224             9
  2225             6
  2226             5
  2227            14
  2228             8
  2229             4
  2230             8
  2231             5
  2232             7
  2233             2
  2234             6
  2235             6
  2236             5
  2237            10
  2238             5
  2239             4
  2240             7
  2241             9
  2242             7
  2243             5
  2244            10
  2245             7
  2246             9
  2247             7
  2248             9
  2249            10
  2250             9
  2251            10
  2252             6
  2253             6
  2254             9
  2255            13
  2256             4
  2257             8
  2258            12
  2259             7
  2260            10
  2261             9
  2262             5
  2263            10
  2264            10
  2265             6
  2266             6
  2267            11
  2268             4
  2269             7
  2270             8
  2271             6
  2272            12
  2273             7
  2274            10
  2275             2
  2276             6
  2277             5
  2278             7
  2279             5
  2280             4
  2281             9
  2282             5
  2283             8
  2284             9
  2285             6
  2286             9
  2287             8
  2288             6
  2289             6
  2290            11
  2291             6
  2292            10
  2293             8
  2294            10
  2295             5
  2296            13
  2297             4
  2298             7
  2299             7
  2300            13
  2301            14
  2302             9
  2303            10
  2304            10
  2305             7
  2306             5
  2307             5
  2308             8
  2309             8
  2310            11
  2311            10
  2312             4
  2313             6
  2314             8
  2315             9
  2316             6
  2317             5
  2318             9
  2319             8
  2320             4
  2321            11
  2322             9
  2323             8
  2324             7
  2325            11
  2326            11
  2327             4
  2328            11
  2329             9
  2330            10
  2331             3
  2332             4
  2333             6
  2334             9
  2335            11
  2336            17
  2337             9
  2338             4
  2339             6
  2340            14
  2341             7
  2342             8
  2343             7
  2344            11
  2345             7
  2346            10
  2347            12
  2348             2
  2349             9
  2350             4
  2351             5
  2352            11
  2353             7
  2354             3
  2355             8
  2356            12
  2357            12
  2358             9
  2359             6
  2360            10
  2361             7
  2362             4
  2363            10
  2364            16
  2365            12
  2366            11
  2367            12
  2368            10
  2369             8
  2370             7
  2371            12
  2372             7
  2373            11
  2374             7
  2375            10
  2376            11
  2377             9
  2378            10
  2379            11
  2380             9
  2381            16
  2382            11
  2383             7
  2384            12
  2385            11
  2386             5
  2387             9
  2388            12
  2389             8
  2390             9
  2391            14
  2392            10
  2393             8
  2394            12
  2395            12
  2396            11
  2397             7
  2398             5
  2399             7
  2400             8
  2401             8
  2402             7
  2403             5
  2404            14
  2405             8
  2406             8
  2407            10
  2408             9
  2409             5
  2410             9
  2411            11
  2412            14
  2413            12
  2414             6
  2415            12
  2416            12
  2417            10
  2418            10
  2419             7
  2420             7
  2421             3
  2422             8
  2423            11
  2424             9
  2425             6
  2426             7
  2427            13
  2428             9
  2429             7
  2430             9
  2431             8
  2432            16
  2433            15
  2434            11
  2435            13
  2436             5
  2437             9
  2438             2
  2439             9
  2440             6
  2441             7
  2442             3
  2443             7
  2444             9
  2445             5
  2446            12
  2447             7
  2448            12
  2449             7
  2450             2
  2451            10
  2452             4
  2453             3
  2454            11
  2455             7
  2456            10
  2457            10
  2458             5
  2459            12
  2460            11
  2461             9
  2462            11
  2463             5
  2464             6
  2465            10
  2466             7
  2467             6
  2468             9
  2469            14
  2470             5
  2471            11
  2472            10
  2473            14
  2474            10
  2475            15
  2476            14
  2477             5
  2478            10
  2479             9
  2480            11
  2481             7
  2482             6
  2483             8
  2484            10
  2485            14
  2486             5
  2487            12
  2488             8
  2489             9
  2490             6
  2491             5
  2492            15
  2493            13
  2494             8
  2495            10
  2496             6
  2497             6
  2498             6
  2499             4
  2500            10
  2501             9
  2502             5
  2503             5
  2504             7
  2505            13
  2506             7
  2507             5
  2508             5
  2509             8
  2510             7
  2511            13
  2512             6
  2513             7
  2514            13
  2515             2
  2516             7
  2517             9
  2518             5
  2519             6
  2520             5
  2521            10
  2522             4
  2523             7
  2524             9
  2525             6
  2526             7
  2527             7
  2528             9
  2529            10
  2530             8
  2531             9
  2532             5
  2533             7
  2534             8
  2535             8
  2536             6
  2537             9
  2538             5
  2539             8
  2540             8
  2541             6
  2542             8
  2543             8
  2544             3
  2545             2
  2546             5
  2547             8
  2548             6
  2549             9
  2550             6
  2551             1
  2552             6
  2553             6
  2554            11
  2555             1
  2556             5
  2557             4
  2558             6
  2559            10
  2560             5
  2561             4
  2562             9
  2563             3
  2564             3
  2565             5
  2566             9
  2567             8
  2568             3
  2569             5
  2570             6
  2571             7
  2572             8
  2573             4
  2574             2
  2575             9
  2576             1
  2577             4
  2578             3
  2579             1
  2580             5
  2581             8
  2582             6
  2583             4
  2584             3
  2585             8
  2586            10
  2587             9
  2588             0
  2589             6
  2590             4
  2591             2
  2592             5
  2593             4
  2594             9
  2595             4
  2596             6
  2597             2
  2598             7
  2599             5
  2600             3
  2601             2
  2602             1
  2603             4
  2604             5
  2605             2
  2606             5
  2607             3
  2608             5
  2609             6
  2610             1
  2611             5
  2612             3
  2613             5
  2614             5
  2615             3
  2616             4
  2617             5
  2618             3
  2619             4
  2620             2
  2621             4
  2622             1
  2623             3
  2624             1
  2625             6
  2626             1
  2627             5
  2628             6
  2629             2
  2630             4
  2631             3
  2632             6
  2633             2
  2634             1
  2635             4
  2636             6
  2637             6
  2638             1
  2639             0
  2640             6
  2641             3
  2642             1
  2643             5
  2644             2
  2645             8
  2646             3
  2647             5
  2648             2
  2649             3
  2650             2
  2651             6
  2652             4
  2653             3
  2654             4
  2655             2
  2656            10
  2657             4
  2658             6
  2659             7
  2660             3
  2661             2
  2662             3
  2663             4
  2664             7
  2665            10
  2666             2
  2667             3
  2668             9
  2669             1
  2670             2
  2671             6
  2672             6
  2673             3
  2674             4
  2675             3
  2676             3
  2677             4
  2678             3
  2679             3
  2680             3
  2681             2
  2682             3
  2683             6
  2684             2
  2685             2
  2686             1
  2687             4
  2688             8
  2689             7
  2690             3
  2691             4
  2692             2
  2693             2
  2694             4
  2695             2
  2696             6
  2697             5
  2698             7
  2699             6
  2700             7
  2701             4
  2702             6
  2703             6
  2704             2
  2705             5
  2706             5
  2707             6
  2708             4
  2709             3
  2710             3
  2711             5
  2712             5
  2713             2
  2714             3
  2715             3
  2716             5
  2717             3
  2718             3
  2719             3
  2720             6
  2721             5
  2722             5
  2723             3
  2724             3
  2725             3
  2726             0
  2727             5
  2728             2
  2729             4
  2730             7
  2731             6
  2732             2
  2733             6
  2734             4
  2735             5
  2736             0
  2737             2
  2738             3
  2739             6
  2740             3
  2741             5
  2742             6
  2743             3
  2744             2
  2745             2
  2746             4
  2747             5
  2748             3
  2749             2
  2750             0
  2751             7
  2752             1
  2753             3
  2754             0
  2755             2
  2756             1
  2757             7
  2758             2
  2759             4
  2760             7
  2761             4
  2762             6
  2763             6
  2764             1
  2765             4
  2766             2
  2767             3
  2768             4
  2769             4
  2770             3
  2771             1
  2772             5
  2773             4
  2774             5
  2775             2
  2776             4
  2777             2
  2778             5
  2779             2
  2780             2
  2781             2
  2782             1
  2783             4
  2784             2
  2785             3
  2786             4
  2787             2
  2788             5
  2789             3
  2790             4
  2791             2
  2792             3
  2793             4
  2794             2
  2795             0
  2796             2
  2797             3
  2798             3
  2799             3
  2800             1
  2801             5
  2802             4
  2803             2
  2804             3
  2805             1
  2806             3
  2807             1
  2808             1
  2809             2
  2810             0
  2811             5
  2812             4
  2813             3
  2814             0
  2815             2
  2816             0
  2817             3
  2818             7
  2819             2
  2820             5
  2821             2
  2822             4
  2823             2
  2824             4
  2825             3
  2826             2
  2827             3
  2828             4
  2829             2
  2830             1
  2831             4
  2832             2
  2833             4
  2834             4
  2835             5
  2836             3
  2837             4
  2838             1
  2839             1
  2840             3
  2841             1
  2842             2
  2843             4
  2844             1
  2845             0
  2846             4
  2847             3
  2848             5
  2849             0
  2850             2
  2851             2
  2852             1
  2853             5
  2854             5
  2855             1
  2856             1
  2857             4
  2858             2
  2859             0
  2860             1
  2861             0
  2862             2
  2863             3
  2864             2
  2865             3
  2866             3
  2867             4
  2868             1
  2869             1
  2870             1
  2871             0
  2872             4
  2873             2
  2874             2
  2875             0
  2876             2
  2877             0
  2878             1
  2879             2
  2880             3
  2881             3
  2882             3
  2883             1
  2884             1
  2885             0
  2886             0
  2887             0
  2888             2
  2889             1
  2890             0
  2891             1
  2892             0
  2893             1
  2894             0
  2895             0
  2896             2
  2897             1
  2898             0
  2899             3
  2900             1
  2901             1
  2902             0
  2903             1
  2904             2
  2905             2
  2906             3
  2907             2
  2908             1
  2909             3
  2910             1
  2911             2
  2912             1
  2913             1
  2914             0
  2915             1
  2916             2
  2917             3
  2918             0
  2919             0
  2920             0
  2921             2
  2922             0
  2923             0
  2924             1
  2925             1
  2926             1
  2927             0
  2928             1
  2929             1
  2930             1
  2931             1
  2932             2
  2933             1
  2934             3
  2935             0
  2936             0
  2937             1
  2938             1
  2939             2
  2940             0
  2941             1
  2942             1
  2943             3
  2944             1
  2945             0
  2946             0
  2947             0
  2948             0
  2949             0
  2950             1
  2951             2
  2952             1
  2953             1
  2954             0
  2955             0
  2956             1
  2957             0
  2958             0
  2959             0
  2960             2
  2961             1
  2962             1
  2963             0
  2964             4
  2965             1
  2966             0
  2967             1
  2968             0
  2969             1
  2970             0
  2971             0
  2972             0
  2973             1
  2974             0
  2975             1
  2976             1
  2977             0
  2978             0
  2979             0
  2980             0
  2981             0
  2982             3
  2983             2
  2984             0
  2985             0
  2986             0
  2987             0
  2988             1
  2989             1
  2990             0
  2991             1
  2992             1
  2993             1
  2994             0
  2995             0
  2996             2
  2997             0
  2998             0
  2999             0
  3000             3
  3001             0
  3002             1
  3003             0
  3004             0
  3005             1
  3006             0
  3007             1
  3008             1
  3009             0
  3010             2
  3011             0
  3012             2
  3013             0
  3014             1
  3015             1
  3016             1
  3017             0
  3018             0
  3019             0
  3020             1
  3021             0
  3022             1
  3023             0
  3024             1
  3025             1
  3026             0
  3027             0
  3028             0
  3029             1
  3030             1
  3031             0
  3032             0
  3033             1
  3034             1
  3035             3
  3036             2
  3037             1
  3038             0
  3039             0
  3040             0
  3041             0
  3042             1
  3043             0
  3044             1
  3045             1
  3046             0
  3047             0
  3048             1
  3049             1
  3050             1
  3051             1
  3052             0
  3053             2
  3054             1
  3055             1
  3056             1
  3057             0
  3058             0
  3059             2
  3060             3
  3061             0
  3062             0
  3063             1
  3064             1
  3065             0
  3066             0
  3067             2
  3068             2
  3069             0
  3070             0
  3071             0
  3072             1
  3073             1
  3074             1
  3075             1
  3076             1
  3077             0
  3078             0
  3079             0
  3080             0
  3081             0
  3082             0
  3083             0
  3084             0
  3085             1
  3086             0
  3087             0
  3088             0
  3089             1
  3090             2
  3091             1
  3092             1
  3093             1
  3094             0
  3095             1
  3096             0
  3097             1
  3098             1
  3099             0
  3100             0
  3101             2
  3102             0
  3103             0
  3104             1
  3105             1
  3106             0
  3107             0
  3108             0
  3109             1
  3110             1
  3111             0
  3112             0
  3113             1
  3114             0
  3115             1
  3116             1
  3117             1
  3118             1
  3119             0
  3120             0
  3121             0
  3122             0
  3123             0
  3124             0
  3125             0
  3126             2
  3127             0
  3128             0
  3129             2
  3130             1
  3131             1
  3132             1
  3133             0
  3134             1
  3135             0
  3136             0
  3137             0
  3138             0
  3139             1
  3140             1
  3141             1
  3142             0
  3143             0
  3144             0
  3145             0
  3146             0
  3147             0
  3148             1
  3149             0
  3150             1
  3151             2
  3152             0
  3153             0
  3154             1
  3155             2
  3156             0
  3157             0
  3158             0
  3159             1
  3160             0
  3161             1
  3162             2
  3163             3
  3164             1
  3165             1
  3166             2
  3167             3
  3168             2
  3169             1
  3170             1
  3171             1
  3172             1
  3173             1
  3174             0
  3175             0
  3176             0
  3177             0
  3178             1
  3179             0
  3180             0
  3181             1
  3182             0
  3183             0
  3184             0
  3185             1
  3186             1
  3187             0
  3188             0
  3189             1
  3190             2
  3191             0
  3192             1
  3193             1
  3194             1
  3195             0
  3196             0
  3197             0
  3198             1
  3199             0
  3200             0
  3201             0
  3202             1
  3203             3
  3204             0
  3205             0
  3206             0
  3207             0
  3208             2
  3209             1
  3210             1
  3211             1
  3212             0
  3213             0
  3214             3
  3215             0
  3216             0
  3217             0
  3218             0
  3219             1
  3220             0
  3221             0
  3222             0
  3223             3
  3224             0
  3225             0
  3226             0
  3227             1
  3228             1
  3229             2
  3230             1
  3231             0
  3232             0
  3233             0
  3234             0
  3235             0
  3236             2
  3237             1
  3238             0
  3239             0
  3240             0
  3241             1
  3242             0
  3243             0
  3244             1
  3245             1
  3246             1
  3247             0
  3248             0
  3249             2
  3250             0
  3251             2
  3252             0
  3253             1
  3254             0
  3255             1
  3256             0
  3257             0
  3258             0
  3259             0
  3260             2
  3261             0
  3262             1
  3263             0
  3264             1
  3265             0
  3266             0
  3267             0
  3268             0
  3269             1
  3270             0
  3271             0
  3272             1
  3273             0
  3274             0
  3275             1
  3276             0
  3277             0
  3278             3
  3279             3
  3280             0
  3281             0
  3282             1
  3283             1
  3284             0
  3285             0
  3286             0
  3287             0
  3288             2
  3289             0
  3290             0
  3291             0
  3292             1
  3293             0
  3294             0
  3295             0
  3296             0
  3297             0
  3298             1
  3299             1
  3300             1
  3301             0
  3302             1
  3303             1
  3304             0
  3305             0
  3306             1
  3307             0
  3308             1
  3309             2
  3310             1
  3311             1
  3312             2
  3313             0
  3314             1
  3315             0
  3316             0
  3317             0
  3318             1
  3319             0
  3320             0
  3321             0
  3322             0
  3323             1
  3324             0
  3325             1
  3326             0
  3327             0
  3328             1
  3329             0
  3330             2
  3331             0
  3332             0
  3333             1
  3334             2
  3335             0
  3336             0
  3337             0
  3338             0
  3339             1
  3340             2
  3341             0
  3342             0
  3343             0
  3344             2
  3345             0
  3346             0
  3347             0
  3348             0
  3349             1
  3350             1
  3351             2
  3352             0
  3353             0
  3354             1
  3355             1
  3356             1
  3357             0
  3358             0
  3359             0
  3360             0
  3361             0
  3362             1
  3363             1
  3364             0
  3365             1
  3366             0
  3367             1
  3368             1
  3369             1
  3370             0
  3371             0
  3372             1
  3373             0
  3374             0
  3375             1
  3376             1
  3377             2
  3378             1
  3379             0
  3380             1
  3381             0
  3382             1
  3383             1
  3384             0
  3385             1
  3386             1
  3387             0
  3388             1
  3389             1
  3390             2
  3391             0
  3392             0
  3393             1
  3394             1
  3395             1
  3396             1
  3397             1
  3398             1
  3399             0
  3400             0
  3401             0
  3402             0
  3403             0
  3404             0
  3405             0
  3406             1
  3407             0
  3408             0
  3409             0
  3410             1
  3411             1
  3412             0
  3413             2
  3414             1
  3415             2
  3416             0
  3417             0
  3418             1
  3419             1
  3420             0
  3421             0
  3422             0
  3423             1
  3424             0
  3425             1
  3426             0
  3427             2
  3428             1
  3429             0
  3430             1
  3431             0
  3432             0
  3433             0
  3434             0
  3435             0
  3436             0
  3437             0
  3438             0
  3439             2
  3440             0
  3441             1
  3442             1
  3443             1
  3444             0
  3445             0
  3446             0
  3447             0
  3448             1
  3449             1
  3450             1
  3451             1
  3452             1
  3453             0
  3454             0
  3455             0
  3456             2
  3457             0
  3458             0
  3459             0
  3460             1
  3461             1
  3462             4
  3463             1
  3464             0
  3465             0
  3466             0
  3467             0
  3468             0
  3469             1
  3470             0
  3471             1
  3472             0
  3473             1
  3474             0
  3475             0
  3476             2
  3477             1
  3478             1
  3479             0
  3480             0
  3481             0
  3482             1
  3483             1
  3484             0
  3485             2
  3486             0
  3487             1
  3488             2
  3489             1
  3490             0
  3491             1
  3492             1
  3493             1
  3494             0
  3495             1
  3496             0
  3497             0
  3498             1
  3499             1
  3500             0
  3501             0
  3502             2
  3503             0
  3504             1
  3505             0
  3506             2
  3507             3
  3508             0
  3509             0
  3510             0
  3511             0
  3512             2
  3513             2
  3514             1
  3515             0
  3516             2
  3517             0
  3518             1
  3519             0
  3520             0
  3521             0
  3522             0
  3523             1
  3524             0
  3525             0
  3526             0
  3527             0
  3528             2
  3529             1
  3530             0
  3531             1
  3532             2
  3533             0
  3534             0
  3535             1
  3536             0
  3537             1
  3538             0
  3539             0
  3540             0
  3541             1
  3542             0
  3543             1
  3544             2
  3545             2
  3546             2
  3547             0
  3548             0
  3549             0
  3550             0
  3551             1
  3552             0
  3553             0
  3554             1
  3555             1
  3556             2
  3557             0
  3558             1
  3559             0
  3560             0
  3561             1
  3562             0
  3563             0
  3564             1
  3565             1
  3566             0
  3567             0
  3568             0
  3569             1
  3570             1
  3571             0
  3572             1
  3573             2
  3574             1
  3575             0
  3576             1
  3577             1
  3578             1
  3579             0
  3580             0
  3581             3
  3582             0
  3583             1
  3584             0
  3585             1
  3586             0
  3587             1
  3588             0
  3589             0
  3590             0
  3591             1
  3592             1
  3593             0
  3594             1
  3595             1
  3596             1
  3597             1
  3598             2
  3599             0
  3600             0
  3601             1
  3602             0
  3603             1
  3604             1
  3605             2
  3606             0
  3607             1
  3608             0
  3609             2
  3610             1
  3611             0
  3612             0
  3613             1
  3614             0
  3615             1
  3616             0
  3617             0
  3618             1
  3619             0
  3620             2
  3621             2
  3622             0
  3623             1
  3624             1
  3625             0
  3626             0
  3627             0
  3628             2
  3629             3
  3630             1
  3631             0
  3632             0
  3633             1
  3634             1
  3635             1
  3636             1
  3637             0
  3638             2
  3639             0
  3640             1
  3641             1
  3642             0
  3643             2
  3644             0
  3645             0
  3646             1
  3647             3
  3648             0
  3649             0
  3650             0
  3651             0
  3652             0
  3653             1
  3654             1
  3655             0
  3656             0
  3657             0
  3658             0
  3659             1
  3660             0
  3661             0
  3662             1
  3663             0
  3664             0
  3665             1
  3666             0
  3667             0
  3668             0
  3669             0
  3670             1
  3671             1
  3672             0
  3673             2
  3674             2
  3675             0
  3676             0
  3677             1
  3678             1
  3679             0
  3680             2
  3681             0
  3682             2
  3683             1
  3684             1
  3685             0
  3686             0
  3687             1
  3688             1
  3689             1
  3690             1
  3691             0
  3692             1
  3693             1
  3694             0
  3695             0
  3696             0
  3697             1
  3698             0
  3699             1
  3700             1
  3701             2
  3702             1
  3703             0
  3704             1
  3705             1
  3706             0
  3707             0
  3708             1
  3709             2
  3710             0
  3711             2
  3712             1
  3713             1
  3714             1
  3715             0
  3716             1
  3717             0
  3718             2
  3719             0
  3720             0
  3721             0
  3722             1
  3723             1
  3724             0
  3725             1
  3726             0
  3727             2
  3728             0
  3729             1
  3730             0
  3731             0
  3732             2
  3733             2
  3734             1
  3735             1
  3736             1
  3737             0
  3738             0
  3739             0
  3740             1
  3741             0
  3742             1
  3743             0
  3744             3
  3745             1
  3746             0
  3747             1
  3748             0
  3749             0
  3750             1
  3751             1
  3752             0
  3753             1
  3754             0
  3755             1
  3756             0
  3757             2
  3758             0
  3759             1
  3760             0
  3761             0
  3762             1
  3763             1
  3764             0
  3765             0
  3766             0
  3767             0
  3768             1
  3769             0
  3770             1
  3771             1
  3772             0
  3773             0
  3774             0
  3775             1
  3776             0
  3777             0
  3778             0
  3779             2
  3780             0
  3781             0
  3782             0
  3783             1
  3784             0
  3785             0
  3786             0
  3787             1
  3788             1
  3789             1
  3790             0
  3791             1
  3792             1
  3793             0
  3794             1
  3795             0
  3796             0
  3797             0
  3798             0
  3799             1
  3800             0
  3801             0
  3802             3
  3803             0
  3804             0
  3805             0
  3806             0
  3807             0
  3808             0
  3809             2
  3810             1
  3811             0
  3812             1
  3813             0
  3814             1
  3815             0
  3816             1
  3817             2
  3818             1
  3819             0
  3820             1
  3821             0
  3822             0
  3823             1
  3824             0
  3825             0
  3826             0
  3827             1
  3828             1
  3829             1
  3830             1
  3831             1
  3832             1
  3833             1
  3834             0
  3835             0
  3836             0
  3837             2
  3838             2
  3839             0
  3840             0
  3841             0
  3842             2
  3843             1
  3844             0
  3845             1
  3846             0
  3847             0
  3848             1
  3849             0
  3850             0
  3851             0
  3852             0
  3853             0
  3854             0
  3855             1
  3856             1
  3857             0
  3858             1
  3859             0
  3860             1
  3861             0
  3862             1
  3863             0
  3864             0
  3865             2
  3866             0
  3867             0
  3868             0
  3869             1
  3870             0
  3871             0
  3872             2
  3873             1
  3874             0
  3875             0
  3876             1
  3877             0
  3878             0
  3879             0
  3880             1
  3881             1
  3882             1
  3883             0
  3884             1
  3885             1
  3886             0
  3887             1
  3888             0
  3889             0
  3890             2
  3891             2
  3892             0
  3893             0
  3894             0
  3895             1
  3896             0
  3897             0
  3898             0
  3899             0
  3900             1
  3901             0
  3902             0
  3903             0
  3904             0
  3905             0
  3906             1
  3907             0
  3908             0
  3909             0
  3910             1
  3911             0
  3912             1
  3913             1
  3914             0
  3915             1
  3916             0
  3917             0
  3918             1
  3919             1
  3920             0
  3921             0
  3922             0
  3923             2
  3924             0
  3925             0
  3926             1
  3927             0
  3928             0
  3929             1
  3930             1
  3931             0
  3932             0
  3933             1
  3934             1
  3935             0
  3936             0
  3937             1
  3938             0
  3939             1
  3940             1
  3941             0
  3942             2
  3943             1
  3944             1
  3945             2
  3946             0
  3947             0
  3948             2
  3949             0
  3950             0
  3951             0
  3952             0
  3953             0
  3954             0
  3955             0
  3956             1
  3957             0
  3958             0
  3959             1
  3960             0
  3961             0
  3962             1
  3963             1
  3964             1
  3965             0
  3966             0
  3967             1
  3968             0
  3969             0
  3970             0
  3971             0
  3972             1
  3973             0
  3974             0
  3975             0
  3976             1
  3977             1
  3978             0
  3979             0
  3980             0
  3981             0
  3982             1
  3983             0
  3984             0
  3985             1
  3986             1
  3987             0
  3988             0
  3989             0
  3990             0
  3991             0
  3992             0
  3993             0
  3994             0
  3995             0
  3996             0
  3997             0
  3998             0
  3999             0
  4000             0
  4001             0
  4002             0
  4003             1
  4004             0
  4005             2
  4006             1
  4007             0
  4008             0
  4009             0
  4010             0
  4011             1
  4012             0
  4013             0
  4014             0
  4015             0
  4016             0
  4017             1
  4018             0
  4019             0
  4020             1
  4021             1
  4022             0
  4023             0
  4024             0
  4025             0
  4026             0
  4027             0
  4028             0
  4029             2
  4030             0
  4031             0
  4032             0
  4033             1
  4034             2
  4035             0
  4036             0
  4037             0
  4038             0
  4039             0
  4040             1
  4041             0
  4042             0
  4043             0
  4044             0
  4045             1
  4046             1
  4047             0
  4048             0
  4049             1
  4050             1
  4051             0
  4052             0
  4053             0
  4054             2
  4055             0
  4056             0
  4057             1
  4058             0
  4059             0
  4060             0
  4061             0
  4062             0
  4063             0
  4064             0
  4065             0
  4066             0
  4067             0
  4068             0
  4069             1
  4070             1
  4071             1
  4072             1
  4073             1
  4074             1
  4075             0
  4076             0
  4077             0
  4078             1
  4079             0
  4080             0
  4081             0
  4082             1
  4083             0
  4084             0
  4085             0
  4086             0
  4087             1
  4088             0
  4089             0
  4090             1
  4091             1
  4092             0
  4093             0
  4094             0
  4095             0
